Effective Refractive Indices:
rel_box_size:     0.001
rel_grid_spacing: 20
rel_tolerance:    0
eigenvectors:     4
boundary cond:    0000
Wavelengths from 1.55 um to 1.55 um in 1 steps
Heights from 0.799 um to 0.801 um in 3 steps
Widths from 4.7 um to 5 um in 4 steps
height	width	frequency	Ex_n_eff		Ex_frac	Ex_core	Ex_A_eff		Ey_n_eff		Ey_frac	Ey_core	Ey_A_eff
799   	4700  	186.206		1.83185802174	0.992	0.906	2.66365e-12		1.80989364341	0.000237	0.9	2.80788e-12
799   	4700  	186.458		1.83214557094	0.992	0.906	2.66186e-12		1.81024020712	0.000235	0.9	2.80555e-12
799   	4700  	186.71		1.83243234402	0.992	0.907	2.66007e-12		1.81058576005	0.000234	0.901	2.80323e-12
799   	4700  	186.961		1.83271834411	0.992	0.907	2.6583e-12		1.81093030652	0.000233	0.901	2.80092e-12
799   	4700  	187.213		1.83300357428	0.992	0.907	2.65653e-12		1.81127385083	0.000232	0.901	2.79861e-12
799   	4700  	187.465		1.8332880376	0.992	0.907	2.65477e-12		1.81161639725	0.000231	0.902	2.79632e-12
799   	4700  	187.716		1.83357173713	0.992	0.908	2.65301e-12		1.81195795004	0.000229	0.902	2.79404e-12
799   	4700  	187.968		1.8338546759	0.993	0.908	2.65126e-12		1.81229851343	0.000228	0.902	2.79176e-12
799   	4700  	188.22		1.83413685696	0.993	0.908	2.64952e-12		1.81263809162	0.000227	0.903	2.7895e-12
799   	4700  	188.471		1.8344182833	0.993	0.908	2.64779e-12		1.8129766888	0.000226	0.903	2.78724e-12
799   	4700  	188.723		1.83469895792	0.993	0.909	2.64606e-12		1.81331430912	0.000225	0.903	2.78499e-12
799   	4700  	188.975		1.83497888381	0.993	0.909	2.64433e-12		1.81365095674	0.000224	0.903	2.78276e-12
799   	4700  	189.226		1.83525806393	0.993	0.909	2.64262e-12		1.81398663578	0.000222	0.904	2.78053e-12
799   	4700  	189.478		1.83553650124	0.993	0.91	2.6409e-12		1.81432135032	0.000221	0.904	2.77831e-12
799   	4700  	189.73		1.83581419867	0.993	0.91	2.6392e-12		1.81465510445	0.00022	0.904	2.7761e-12
799   	4700  	189.981		1.83609115915	0.993	0.91	2.6375e-12		1.81498790223	0.000219	0.905	2.7739e-12
799   	4700  	190.233		1.8363673856	0.993	0.91	2.63581e-12		1.81531974768	0.000218	0.905	2.77171e-12
799   	4700  	190.485		1.8366428809	0.993	0.911	2.63412e-12		1.81565064483	0.000217	0.905	2.76953e-12
799   	4700  	190.736		1.83691764794	0.993	0.911	2.63244e-12		1.81598059765	0.000216	0.905	2.76735e-12
799   	4700  	190.988		1.83719168959	0.993	0.911	2.63077e-12		1.81630961013	0.000215	0.906	2.76519e-12
799   	4700  	191.24		1.83746500871	0.993	0.911	2.6291e-12		1.81663768622	0.000213	0.906	2.76303e-12
799   	4700  	191.491		1.83773760813	0.993	0.912	2.62744e-12		1.81696482985	0.000212	0.906	2.76088e-12
799   	4700  	191.743		1.83800949068	0.993	0.912	2.62578e-12		1.81729104492	0.000211	0.907	2.75874e-12
799   	4700  	191.995		1.83828065919	0.993	0.912	2.62414e-12		1.81761633533	0.00021	0.907	2.75661e-12
799   	4700  	192.246		1.83855111644	0.993	0.912	2.62249e-12		1.81794070495	0.000209	0.907	2.75449e-12
799   	4700  	192.498		1.83882086522	0.993	0.913	2.62085e-12		1.81826415763	0.000208	0.907	2.75238e-12
799   	4700  	192.75		1.83908990832	0.993	0.913	2.61922e-12		1.81858669719	0.000207	0.908	2.75027e-12
799   	4700  	193.001		1.83935824849	0.993	0.913	2.61759e-12		1.81890832746	0.000206	0.908	2.74817e-12
799   	4700  	193.253		1.83962588848	0.993	0.913	2.61597e-12		1.81922905221	0.000205	0.908	2.74609e-12
799   	4700  	193.505		1.83989283102	0.993	0.914	2.61436e-12		1.81954887522	0.000204	0.908	2.74401e-12
799   	4700  	193.756		1.84015907883	0.993	0.914	2.61275e-12		1.81986780024	0.000203	0.909	2.74193e-12
799   	4700  	194.008		1.84042463463	0.993	0.914	2.61115e-12		1.82018583101	0.000202	0.909	2.73987e-12
799   	4700  	194.26		1.8406895011	0.993	0.914	2.60955e-12		1.82050297124	0.000201	0.909	2.73782e-12
799   	4700  	194.511		1.84095368094	0.993	0.915	2.60796e-12		1.82081922462	0.0002	0.91	2.73577e-12
799   	4700  	194.763		1.84121717681	0.993	0.915	2.60637e-12		1.82113459483	0.000199	0.91	2.73373e-12
799   	4700  	195.015		1.84147999137	0.993	0.915	2.60479e-12		1.82144908553	0.000198	0.91	2.7317e-12
799   	4700  	195.266		1.84174212726	0.993	0.915	2.60321e-12		1.82176270035	0.000197	0.91	2.72967e-12
799   	4700  	195.518		1.84200358712	0.993	0.916	2.60164e-12		1.82207544291	0.000196	0.911	2.72766e-12
799   	4700  	195.77		1.84226437357	0.993	0.916	2.60008e-12		1.82238731682	0.000195	0.911	2.72565e-12
799   	4700  	196.021		1.84252448922	0.993	0.916	2.59852e-12		1.82269832566	0.000194	0.911	2.72365e-12
799   	4700  	196.273		1.84278393665	0.993	0.916	2.59697e-12		1.82300847298	0.000193	0.911	2.72166e-12
799   	4700  	196.525		1.84304271846	0.993	0.916	2.59542e-12		1.82331776235	0.000192	0.912	2.71967e-12
799   	4700  	196.776		1.84330083722	0.993	0.917	2.59387e-12		1.82362619729	0.000191	0.912	2.7177e-12
799   	4700  	197.028		1.84355829548	0.993	0.917	2.59234e-12		1.8239337813	0.00019	0.912	2.71573e-12
799   	4700  	197.28		1.84381509579	0.993	0.917	2.5908e-12		1.82424051789	0.000189	0.912	2.71376e-12
799   	4700  	197.531		1.84407124069	0.993	0.917	2.58928e-12		1.82454641052	0.000188	0.913	2.71181e-12
799   	4700  	197.783		1.84432673269	0.993	0.918	2.58775e-12		1.82485146266	0.000187	0.913	2.70986e-12
799   	4700  	198.035		1.84458157432	0.993	0.918	2.58624e-12		1.82515567774	0.000187	0.913	2.70792e-12
799   	4700  	198.286		1.84483576807	0.993	0.918	2.58473e-12		1.82545905919	0.000186	0.913	2.70599e-12
799   	4700  	198.538		1.84508931643	0.993	0.918	2.58322e-12		1.82576161042	0.000185	0.914	2.70407e-12
799   	4800  	186.206		1.83214584656	0.993	0.906	2.71559e-12		1.81104693662	0.000223	0.901	2.85671e-12
799   	4800  	186.458		1.8324326482	0.993	0.906	2.71377e-12		1.81139049434	0.000222	0.901	2.85437e-12
799   	4800  	186.71		1.8327186766	0.993	0.907	2.71197e-12		1.81173305276	0.000221	0.901	2.85203e-12
799   	4800  	186.961		1.83300393484	0.993	0.907	2.71017e-12		1.81207461617	0.00022	0.901	2.84971e-12
799   	4800  	187.213		1.833288426 	0.993	0.907	2.70837e-12		1.8124151888	0.000219	0.902	2.84739e-12
799   	4800  	187.465		1.83357215313	0.993	0.908	2.70658e-12		1.81275477487	0.000218	0.902	2.84508e-12
799   	4800  	187.716		1.83385511927	0.993	0.908	2.7048e-12		1.81309337857	0.000217	0.902	2.84279e-12
799   	4800  	187.968		1.83413732746	0.993	0.908	2.70303e-12		1.81343100408	0.000215	0.903	2.8405e-12
799   	4800  	188.22		1.8344187807	0.993	0.908	2.70126e-12		1.81376765555	0.000214	0.903	2.83822e-12
799   	4800  	188.471		1.83469948199	0.993	0.909	2.6995e-12		1.81410333712	0.000213	0.903	2.83595e-12
799   	4800  	188.723		1.83497943431	0.993	0.909	2.69775e-12		1.81443805289	0.000212	0.904	2.83369e-12
799   	4800  	188.975		1.83525864064	0.993	0.909	2.696e-12		1.81477180695	0.000211	0.904	2.83144e-12
799   	4800  	189.226		1.83553710392	0.993	0.909	2.69426e-12		1.81510460336	0.00021	0.904	2.8292e-12
799   	4800  	189.478		1.8358148271	0.993	0.91	2.69253e-12		1.81543644618	0.000209	0.904	2.82697e-12
799   	4800  	189.73		1.83609181311	0.993	0.91	2.6908e-12		1.81576733942	0.000208	0.905	2.82475e-12
799   	4800  	189.981		1.83636806484	0.993	0.91	2.68907e-12		1.8160972871	0.000207	0.905	2.82254e-12
799   	4800  	190.233		1.83664358521	0.993	0.91	2.68736e-12		1.81642629318	0.000206	0.905	2.82033e-12
799   	4800  	190.485		1.83691837709	0.993	0.911	2.68565e-12		1.81675436164	0.000205	0.906	2.81814e-12
799   	4800  	190.736		1.83719244336	0.993	0.911	2.68394e-12		1.8170814964	0.000204	0.906	2.81595e-12
799   	4800  	190.988		1.83746578687	0.993	0.911	2.68225e-12		1.81740770141	0.000203	0.906	2.81377e-12
799   	4800  	191.24		1.83773841047	0.993	0.911	2.68056e-12		1.81773298054	0.000201	0.906	2.8116e-12
799   	4800  	191.491		1.83801031697	0.993	0.912	2.67887e-12		1.8180573377	0.0002	0.907	2.80944e-12
799   	4800  	191.743		1.8382815092	0.993	0.912	2.67719e-12		1.81838077672	0.000199	0.907	2.80729e-12
799   	4800  	191.995		1.83855198997	0.993	0.912	2.67552e-12		1.81870330146	0.000198	0.907	2.80515e-12
799   	4800  	192.246		1.83882176204	0.993	0.912	2.67385e-12		1.81902491573	0.000197	0.908	2.80301e-12
799   	4800  	192.498		1.83909082821	0.993	0.913	2.67219e-12		1.81934562334	0.000196	0.908	2.80089e-12
799   	4800  	192.75		1.83935919123	0.993	0.913	2.67053e-12		1.81966542806	0.000195	0.908	2.79877e-12
799   	4800  	193.001		1.83962685386	0.993	0.913	2.66888e-12		1.81998433365	0.000194	0.908	2.79666e-12
799   	4800  	193.253		1.83989381882	0.993	0.913	2.66724e-12		1.82030234387	0.000194	0.909	2.79456e-12
799   	4800  	193.505		1.84016008884	0.993	0.914	2.6656e-12		1.82061946243	0.000193	0.909	2.79246e-12
799   	4800  	193.756		1.84042566663	0.993	0.914	2.66397e-12		1.82093569303	0.000192	0.909	2.79038e-12
799   	4800  	194.008		1.84069055489	0.993	0.914	2.66234e-12		1.82125103936	0.000191	0.909	2.7883e-12
799   	4800  	194.26		1.84095475629	0.993	0.914	2.66072e-12		1.82156550509	0.00019	0.91	2.78624e-12
799   	4800  	194.511		1.84121827352	0.993	0.915	2.65911e-12		1.82187909386	0.000189	0.91	2.78417e-12
799   	4800  	194.763		1.84148110923	0.993	0.915	2.6575e-12		1.8221918093	0.000188	0.91	2.78212e-12
799   	4800  	195.015		1.84174326606	0.993	0.915	2.6559e-12		1.82250365502	0.000187	0.91	2.78008e-12
799   	4800  	195.266		1.84200474664	0.993	0.915	2.6543e-12		1.82281463461	0.000186	0.911	2.77804e-12
799   	4800  	195.518		1.84226555361	0.993	0.916	2.65271e-12		1.82312475165	0.000185	0.911	2.77601e-12
799   	4800  	195.77		1.84252568957	0.993	0.916	2.65112e-12		1.82343400969	0.000184	0.911	2.77399e-12
799   	4800  	196.021		1.8427851571	0.993	0.916	2.64954e-12		1.82374241227	0.000183	0.912	2.77198e-12
799   	4800  	196.273		1.84304395881	0.993	0.916	2.64796e-12		1.82404996291	0.000182	0.912	2.76998e-12
799   	4800  	196.525		1.84330209726	0.993	0.917	2.64639e-12		1.8243566651	0.000181	0.912	2.76798e-12
799   	4800  	196.776		1.843559575 	0.993	0.917	2.64483e-12		1.82466252234	0.000181	0.912	2.76599e-12
799   	4800  	197.028		1.8438163946	0.993	0.917	2.64327e-12		1.82496753809	0.00018	0.913	2.76401e-12
799   	4800  	197.28		1.84407255858	0.993	0.917	2.64171e-12		1.82527171579	0.000179	0.913	2.76203e-12
799   	4800  	197.531		1.84432806946	0.993	0.917	2.64016e-12		1.82557505888	0.000178	0.913	2.76007e-12
799   	4800  	197.783		1.84458292977	0.994	0.918	2.63862e-12		1.82587757077	0.000177	0.913	2.75811e-12
799   	4800  	198.035		1.84483714199	0.994	0.918	2.63708e-12		1.82617925486	0.000176	0.914	2.75616e-12
799   	4800  	198.286		1.84509070863	0.994	0.918	2.63555e-12		1.82648011452	0.000175	0.914	2.75421e-12
799   	4800  	198.538		1.84534363215	0.994	0.918	2.63402e-12		1.82678015312	0.000174	0.914	2.75227e-12
799   	4900  	186.206		1.83241704193	0.993	0.906	2.76756e-12		1.81213342432	0.000211	0.901	2.90572e-12
799   	4900  	186.458		1.832703138 	0.993	0.907	2.76572e-12		1.81247414499	0.00021	0.901	2.90337e-12
799   	4900  	186.71		1.83298846353	0.993	0.907	2.76389e-12		1.81281387725	0.000209	0.902	2.90102e-12
799   	4900  	186.961		1.83327302161	0.993	0.907	2.76207e-12		1.81315262532	0.000208	0.902	2.89868e-12
799   	4900  	187.213		1.83355681527	0.993	0.907	2.76025e-12		1.81349039337	0.000207	0.902	2.89635e-12
799   	4900  	187.465		1.83383984758	0.993	0.908	2.75844e-12		1.81382718558	0.000206	0.903	2.89403e-12
799   	4900  	187.716		1.83412212156	0.993	0.908	2.75663e-12		1.81416300609	0.000205	0.903	2.89172e-12
799   	4900  	187.968		1.83440364021	0.993	0.908	2.75483e-12		1.81449785903	0.000204	0.903	2.88942e-12
799   	4900  	188.22		1.83468440655	0.993	0.908	2.75304e-12		1.81483174848	0.000203	0.903	2.88712e-12
799   	4900  	188.471		1.83496442356	0.993	0.909	2.75126e-12		1.81516467854	0.000202	0.904	2.88484e-12
799   	4900  	188.723		1.8352436942	0.993	0.909	2.74948e-12		1.81549665326	0.0002	0.904	2.88257e-12
799   	4900  	188.975		1.83552222143	0.993	0.909	2.74771e-12		1.81582767667	0.000199	0.904	2.88031e-12
799   	4900  	189.226		1.8358000082	0.993	0.909	2.74594e-12		1.8161577528	0.000198	0.905	2.87805e-12
799   	4900  	189.478		1.83607705742	0.993	0.91	2.74418e-12		1.81648688564	0.000197	0.905	2.87581e-12
799   	4900  	189.73		1.83635337202	0.993	0.91	2.74243e-12		1.81681507915	0.000196	0.905	2.87357e-12
799   	4900  	189.981		1.83662895489	0.993	0.91	2.74068e-12		1.8171423373	0.000195	0.905	2.87134e-12
799   	4900  	190.233		1.83690380892	0.993	0.911	2.73894e-12		1.81746866402	0.000194	0.906	2.86913e-12
799   	4900  	190.485		1.83717793697	0.993	0.911	2.73721e-12		1.81779406321	0.000193	0.906	2.86692e-12
799   	4900  	190.736		1.83745134192	0.993	0.911	2.73548e-12		1.81811853878	0.000192	0.906	2.86472e-12
799   	4900  	190.988		1.83772402659	0.993	0.911	2.73376e-12		1.81844209459	0.000191	0.907	2.86252e-12
799   	4900  	191.24		1.83799599382	0.993	0.912	2.73204e-12		1.81876473449	0.000191	0.907	2.86034e-12
799   	4900  	191.491		1.83826724643	0.993	0.912	2.73033e-12		1.81908646231	0.00019	0.907	2.85817e-12
799   	4900  	191.743		1.83853778722	0.993	0.912	2.72863e-12		1.81940728188	0.000189	0.907	2.856e-12
799   	4900  	191.995		1.83880761898	0.993	0.912	2.72694e-12		1.81972719697	0.000188	0.908	2.85385e-12
799   	4900  	192.246		1.83907674448	0.993	0.913	2.72524e-12		1.82004621136	0.000187	0.908	2.8517e-12
799   	4900  	192.498		1.8393451665	0.993	0.913	2.72356e-12		1.82036432882	0.000186	0.908	2.84956e-12
799   	4900  	192.75		1.83961288777	0.993	0.913	2.72188e-12		1.82068155306	0.000185	0.908	2.84743e-12
799   	4900  	193.001		1.83987991103	0.993	0.913	2.72021e-12		1.8209978878	0.000184	0.909	2.8453e-12
799   	4900  	193.253		1.84014623902	0.993	0.914	2.71854e-12		1.82131333674	0.000183	0.909	2.84319e-12
799   	4900  	193.505		1.84041187443	0.993	0.914	2.71688e-12		1.82162790356	0.000182	0.909	2.84108e-12
799   	4900  	193.756		1.84067681997	0.993	0.914	2.71523e-12		1.82194159192	0.000181	0.91	2.83899e-12
799   	4900  	194.008		1.84094107833	0.993	0.914	2.71358e-12		1.82225440545	0.00018	0.91	2.8369e-12
799   	4900  	194.26		1.84120465217	0.994	0.915	2.71193e-12		1.82256634777	0.000179	0.91	2.83482e-12
799   	4900  	194.511		1.84146754415	0.994	0.915	2.71029e-12		1.82287742249	0.000178	0.91	2.83274e-12
799   	4900  	194.763		1.84172975693	0.994	0.915	2.70866e-12		1.82318763318	0.000178	0.911	2.83068e-12
799   	4900  	195.015		1.84199129314	0.994	0.915	2.70704e-12		1.82349698343	0.000177	0.911	2.82862e-12
799   	4900  	195.266		1.84225215539	0.994	0.915	2.70542e-12		1.82380547676	0.000176	0.911	2.82657e-12
799   	4900  	195.518		1.84251234631	0.994	0.916	2.7038e-12		1.82411311672	0.000175	0.911	2.82453e-12
799   	4900  	195.77		1.84277186848	0.994	0.916	2.70219e-12		1.82441990681	0.000174	0.912	2.8225e-12
799   	4900  	196.021		1.84303072449	0.994	0.916	2.70059e-12		1.82472585053	0.000173	0.912	2.82047e-12
799   	4900  	196.273		1.84328891692	0.994	0.916	2.69899e-12		1.82503095135	0.000172	0.912	2.81845e-12
799   	4900  	196.525		1.84354644832	0.994	0.917	2.6974e-12		1.82533521273	0.000172	0.912	2.81644e-12
799   	4900  	196.776		1.84380332125	0.994	0.917	2.69581e-12		1.82563863811	0.000171	0.913	2.81444e-12
799   	4900  	197.028		1.84405953825	0.994	0.917	2.69423e-12		1.82594123092	0.00017	0.913	2.81244e-12
799   	4900  	197.28		1.84431510183	0.994	0.917	2.69265e-12		1.82624299456	0.000169	0.913	2.81046e-12
799   	4900  	197.531		1.84457001451	0.994	0.918	2.69108e-12		1.82654393241	0.000168	0.913	2.80848e-12
799   	4900  	197.783		1.8448242788	0.994	0.918	2.68951e-12		1.82684404786	0.000167	0.914	2.8065e-12
799   	4900  	198.035		1.84507789718	0.994	0.918	2.68795e-12		1.82714334426	0.000167	0.914	2.80454e-12
799   	4900  	198.286		1.84533087213	0.994	0.918	2.6864e-12		1.82744182494	0.000166	0.914	2.80258e-12
799   	4900  	198.538		1.84558320613	0.994	0.918	2.68485e-12		1.82773949322	0.000165	0.914	2.80063e-12
799   	5000  	186.206		1.83267286612	0.993	0.906	2.81957e-12		1.8131581692	0.0002	0.901	2.95491e-12
799   	5000  	186.458		1.83295829551	0.993	0.907	2.81771e-12		1.81349620941	0.000199	0.902	2.95253e-12
799   	5000  	186.71		1.83324295694	0.993	0.907	2.81585e-12		1.81383327151	0.000198	0.902	2.95017e-12
799   	5000  	186.961		1.83352685345	0.993	0.907	2.814e-12		1.81416935968	0.000197	0.902	2.94782e-12
799   	5000  	187.213		1.83380998809	0.993	0.907	2.81216e-12		1.81450447803	0.000196	0.903	2.94547e-12
799   	5000  	187.465		1.8340923639	0.993	0.908	2.81032e-12		1.81483863069	0.000195	0.903	2.94314e-12
799   	5000  	187.716		1.83437398389	0.993	0.908	2.80849e-12		1.81517182175	0.000194	0.903	2.94081e-12
799   	5000  	187.968		1.83465485106	0.993	0.908	2.80667e-12		1.81550405529	0.000193	0.903	2.9385e-12
799   	5000  	188.22		1.83493496841	0.993	0.909	2.80485e-12		1.81583533536	0.000192	0.904	2.93619e-12
799   	5000  	188.471		1.83521433889	0.993	0.909	2.80304e-12		1.81616566598	0.000191	0.904	2.9339e-12
799   	5000  	188.723		1.83549296547	0.993	0.909	2.80124e-12		1.81649505116	0.00019	0.904	2.93161e-12
799   	5000  	188.975		1.8357708511	0.993	0.909	2.79944e-12		1.8168234949	0.000189	0.905	2.92933e-12
799   	5000  	189.226		1.83604799869	0.993	0.91	2.79765e-12		1.81715100116	0.000188	0.905	2.92706e-12
799   	5000  	189.478		1.83632441118	0.993	0.91	2.79587e-12		1.81747757389	0.000187	0.905	2.9248e-12
799   	5000  	189.73		1.83660009145	0.993	0.91	2.79409e-12		1.81780321701	0.000186	0.905	2.92255e-12
799   	5000  	189.981		1.8368750424	0.993	0.91	2.79232e-12		1.81812793442	0.000185	0.906	2.92031e-12
799   	5000  	190.233		1.83714926689	0.993	0.911	2.79056e-12		1.81845173002	0.000184	0.906	2.91808e-12
799   	5000  	190.485		1.8374227678	0.994	0.911	2.7888e-12		1.81877460767	0.000183	0.906	2.91586e-12
799   	5000  	190.736		1.83769554796	0.994	0.911	2.78705e-12		1.81909657122	0.000182	0.907	2.91364e-12
799   	5000  	190.988		1.8379676102	0.994	0.911	2.7853e-12		1.81941762448	0.000181	0.907	2.91144e-12
799   	5000  	191.24		1.83823895735	0.994	0.912	2.78356e-12		1.81973777127	0.00018	0.907	2.90924e-12
799   	5000  	191.491		1.83850959221	0.994	0.912	2.78183e-12		1.82005701537	0.000179	0.907	2.90705e-12
799   	5000  	191.743		1.83877951757	0.994	0.912	2.7801e-12		1.82037536055	0.000179	0.908	2.90487e-12
799   	5000  	191.995		1.8390487362	0.994	0.912	2.77838e-12		1.82069281055	0.000178	0.908	2.9027e-12
799   	5000  	192.246		1.83931725089	0.994	0.913	2.77667e-12		1.8210093691	0.000177	0.908	2.90054e-12
799   	5000  	192.498		1.83958506436	0.994	0.913	2.77496e-12		1.82132503991	0.000176	0.909	2.89839e-12
799   	5000  	192.75		1.83985217938	0.994	0.913	2.77326e-12		1.82163982668	0.000175	0.909	2.89624e-12
799   	5000  	193.001		1.84011859865	0.994	0.913	2.77156e-12		1.82195373306	0.000174	0.909	2.8941e-12
799   	5000  	193.253		1.8403843249	0.994	0.914	2.76987e-12		1.82226676271	0.000173	0.909	2.89198e-12
799   	5000  	193.505		1.84064936082	0.994	0.914	2.76819e-12		1.82257891927	0.000172	0.91	2.88986e-12
799   	5000  	193.756		1.8409137091	0.994	0.914	2.76651e-12		1.82289020634	0.000172	0.91	2.88774e-12
799   	5000  	194.008		1.84117737242	0.994	0.914	2.76484e-12		1.82320062753	0.000171	0.91	2.88564e-12
799   	5000  	194.26		1.84144035343	0.994	0.915	2.76317e-12		1.82351018641	0.00017	0.91	2.88355e-12
799   	5000  	194.511		1.84170265479	0.994	0.915	2.76151e-12		1.82381888655	0.000169	0.911	2.88146e-12
799   	5000  	194.763		1.84196427913	0.994	0.915	2.75986e-12		1.82412673147	0.000168	0.911	2.87938e-12
799   	5000  	195.015		1.84222522907	0.994	0.915	2.75821e-12		1.82443372471	0.000167	0.911	2.87731e-12
799   	5000  	195.266		1.84248550724	0.994	0.916	2.75656e-12		1.82473986977	0.000166	0.911	2.87525e-12
799   	5000  	195.518		1.84274511622	0.994	0.916	2.75493e-12		1.82504517014	0.000166	0.912	2.87319e-12
799   	5000  	195.77		1.8430040586	0.994	0.916	2.75329e-12		1.82534962929	0.000165	0.912	2.87114e-12
799   	5000  	196.021		1.84326233696	0.994	0.916	2.75167e-12		1.82565325066	0.000164	0.912	2.8691e-12
799   	5000  	196.273		1.84351995387	0.994	0.916	2.75005e-12		1.8259560377	0.000163	0.912	2.86707e-12
799   	5000  	196.525		1.84377691187	0.994	0.917	2.74843e-12		1.82625799383	0.000162	0.913	2.86505e-12
799   	5000  	196.776		1.8440332135	0.994	0.917	2.74682e-12		1.82655912243	0.000162	0.913	2.86303e-12
799   	5000  	197.028		1.8442888613	0.994	0.917	2.74522e-12		1.8268594269	0.000161	0.913	2.86102e-12
799   	5000  	197.28		1.84454385776	0.994	0.917	2.74362e-12		1.8271589106	0.00016	0.913	2.85902e-12
799   	5000  	197.531		1.84479820541	0.994	0.918	2.74203e-12		1.82745757688	0.000159	0.914	2.85703e-12
799   	5000  	197.783		1.84505190672	0.994	0.918	2.74044e-12		1.82775542907	0.000159	0.914	2.85504e-12
799   	5000  	198.035		1.84530496419	0.994	0.918	2.73886e-12		1.82805247049	0.000158	0.914	2.85306e-12
799   	5000  	198.286		1.84555738027	0.994	0.918	2.73728e-12		1.82834870443	0.000157	0.914	2.85109e-12
799   	5000  	198.538		1.84580915743	0.994	0.919	2.73571e-12		1.82864413418	0.000156	0.915	2.84913e-12
800   	4700  	186.206		1.83205243657	0.992	0.906	2.66566e-12		1.81008984305	0.000236	0.9	2.80995e-12
800   	4700  	186.458		1.83233974535	0.992	0.907	2.66387e-12		1.81043616087	0.000235	0.901	2.80762e-12
800   	4700  	186.71		1.8326262783	0.992	0.907	2.66209e-12		1.81078146819	0.000234	0.901	2.8053e-12
800   	4700  	186.961		1.83291203852	0.992	0.907	2.66031e-12		1.81112576935	0.000233	0.901	2.80299e-12
800   	4700  	187.213		1.8331970291	0.992	0.907	2.65855e-12		1.81146906864	0.000231	0.902	2.80069e-12
800   	4700  	187.465		1.8334812531	0.992	0.908	2.65679e-12		1.81181137032	0.00023	0.902	2.79839e-12
800   	4700  	187.716		1.83376471359	0.992	0.908	2.65503e-12		1.81215267867	0.000229	0.902	2.79611e-12
800   	4700  	187.968		1.83404741361	0.993	0.908	2.65328e-12		1.8124929979	0.000228	0.902	2.79384e-12
800   	4700  	188.22		1.83432935618	0.993	0.908	2.65154e-12		1.81283233222	0.000227	0.903	2.79157e-12
800   	4700  	188.471		1.83461054432	0.993	0.909	2.64981e-12		1.81317068583	0.000226	0.903	2.78932e-12
800   	4700  	188.723		1.83489098102	0.993	0.909	2.64808e-12		1.81350806288	0.000224	0.903	2.78707e-12
800   	4700  	188.975		1.83517066926	0.993	0.909	2.64635e-12		1.81384446751	0.000223	0.904	2.78483e-12
800   	4700  	189.226		1.83544961202	0.993	0.909	2.64464e-12		1.81417990385	0.000222	0.904	2.78261e-12
800   	4700  	189.478		1.83572781225	0.993	0.91	2.64293e-12		1.814514376 	0.000221	0.904	2.78039e-12
800   	4700  	189.73		1.83600527288	0.993	0.91	2.64122e-12		1.81484788803	0.00022	0.904	2.77818e-12
800   	4700  	189.981		1.83628199685	0.993	0.91	2.63953e-12		1.815180444 	0.000219	0.905	2.77598e-12
800   	4700  	190.233		1.83655798706	0.993	0.911	2.63783e-12		1.81551204794	0.000218	0.905	2.77379e-12
800   	4700  	190.485		1.83683324641	0.993	0.911	2.63615e-12		1.81584270387	0.000216	0.905	2.77161e-12
800   	4700  	190.736		1.83710777778	0.993	0.911	2.63447e-12		1.81617241579	0.000215	0.906	2.76943e-12
800   	4700  	190.988		1.83738158405	0.993	0.911	2.6328e-12		1.81650118765	0.000214	0.906	2.76727e-12
800   	4700  	191.24		1.83765466807	0.993	0.912	2.63113e-12		1.81682902342	0.000213	0.906	2.76511e-12
800   	4700  	191.491		1.83792703268	0.993	0.912	2.62947e-12		1.81715592703	0.000212	0.906	2.76297e-12
800   	4700  	191.743		1.83819868071	0.993	0.912	2.62781e-12		1.81748190239	0.000211	0.907	2.76083e-12
800   	4700  	191.995		1.83846961497	0.993	0.912	2.62616e-12		1.81780695338	0.00021	0.907	2.7587e-12
800   	4700  	192.246		1.83873983827	0.993	0.913	2.62452e-12		1.81813108388	0.000209	0.907	2.75658e-12
800   	4700  	192.498		1.83900935339	0.993	0.913	2.62288e-12		1.81845429774	0.000208	0.908	2.75446e-12
800   	4700  	192.75		1.83927816311	0.993	0.913	2.62125e-12		1.8187765988	0.000207	0.908	2.75236e-12
800   	4700  	193.001		1.83954627019	0.993	0.913	2.61963e-12		1.81909799085	0.000206	0.908	2.75026e-12
800   	4700  	193.253		1.83981367738	0.993	0.914	2.61801e-12		1.81941847769	0.000205	0.908	2.74818e-12
800   	4700  	193.505		1.84008038741	0.993	0.914	2.61639e-12		1.8197380631	0.000204	0.909	2.7461e-12
800   	4700  	193.756		1.840346403 	0.993	0.914	2.61478e-12		1.82005675082	0.000203	0.909	2.74402e-12
800   	4700  	194.008		1.84061172687	0.993	0.914	2.61318e-12		1.8203745446	0.000202	0.909	2.74196e-12
800   	4700  	194.26		1.84087636171	0.993	0.915	2.61158e-12		1.82069144813	0.000201	0.909	2.73991e-12
800   	4700  	194.511		1.84114031019	0.993	0.915	2.60999e-12		1.82100746513	0.0002	0.91	2.73786e-12
800   	4700  	194.763		1.84140357501	0.993	0.915	2.60841e-12		1.82132259925	0.000199	0.91	2.73582e-12
800   	4700  	195.015		1.8416661588	0.993	0.915	2.60683e-12		1.82163685417	0.000198	0.91	2.73379e-12
800   	4700  	195.266		1.84192806422	0.993	0.915	2.60525e-12		1.82195023353	0.000197	0.911	2.73177e-12
800   	4700  	195.518		1.8421892939	0.993	0.916	2.60368e-12		1.82226274093	0.000196	0.911	2.72975e-12
800   	4700  	195.77		1.84244985046	0.993	0.916	2.60212e-12		1.82257437998	0.000195	0.911	2.72774e-12
800   	4700  	196.021		1.84270973651	0.993	0.916	2.60056e-12		1.82288515427	0.000194	0.911	2.72575e-12
800   	4700  	196.273		1.84296895465	0.993	0.916	2.59901e-12		1.82319506735	0.000193	0.912	2.72375e-12
800   	4700  	196.525		1.84322750745	0.993	0.917	2.59746e-12		1.82350412279	0.000192	0.912	2.72177e-12
800   	4700  	196.776		1.84348539749	0.993	0.917	2.59592e-12		1.8238123241	0.000191	0.912	2.71979e-12
800   	4700  	197.028		1.84374262733	0.993	0.917	2.59438e-12		1.8241196748	0.00019	0.912	2.71782e-12
800   	4700  	197.28		1.84399919951	0.993	0.917	2.59285e-12		1.82442617838	0.000189	0.913	2.71586e-12
800   	4700  	197.531		1.84425511658	0.993	0.918	2.59132e-12		1.82473183831	0.000188	0.913	2.71391e-12
800   	4700  	197.783		1.84451038105	0.993	0.918	2.5898e-12		1.82503665806	0.000187	0.913	2.71196e-12
800   	4700  	198.035		1.84476499544	0.993	0.918	2.58828e-12		1.82534064106	0.000186	0.913	2.71002e-12
800   	4700  	198.286		1.84501896224	0.993	0.918	2.58677e-12		1.82564379074	0.000185	0.914	2.70809e-12
800   	4700  	198.538		1.84527228395	0.993	0.919	2.58526e-12		1.82594611051	0.000185	0.914	2.70617e-12
800   	4800  	186.206		1.8323402416	0.993	0.906	2.71764e-12		1.81124305795	0.000223	0.901	2.85882e-12
800   	4800  	186.458		1.83262680287	0.993	0.907	2.71583e-12		1.81158636994	0.000222	0.901	2.85648e-12
800   	4800  	186.71		1.83291259118	0.993	0.907	2.71402e-12		1.81192868294	0.000221	0.901	2.85414e-12
800   	4800  	186.961		1.8331976096	0.993	0.907	2.71222e-12		1.8122700012	0.00022	0.902	2.85182e-12
800   	4800  	187.213		1.83348186121	0.993	0.907	2.71043e-12		1.81261032897	0.000218	0.902	2.8495e-12
800   	4800  	187.465		1.83376534908	0.993	0.908	2.70864e-12		1.81294967046	0.000217	0.902	2.8472e-12
800   	4800  	187.716		1.83404807623	0.993	0.908	2.70686e-12		1.81328802989	0.000216	0.903	2.8449e-12
800   	4800  	187.968		1.8343300457	0.993	0.908	2.70509e-12		1.81362541141	0.000215	0.903	2.84261e-12
800   	4800  	188.22		1.83461126051	0.993	0.909	2.70332e-12		1.81396181919	0.000214	0.903	2.84034e-12
800   	4800  	188.471		1.83489172364	0.993	0.909	2.70156e-12		1.81429725735	0.000213	0.903	2.83807e-12
800   	4800  	188.723		1.83517143809	0.993	0.909	2.69981e-12		1.81463173001	0.000212	0.904	2.83581e-12
800   	4800  	188.975		1.83545040682	0.993	0.909	2.69806e-12		1.81496524125	0.000211	0.904	2.83356e-12
800   	4800  	189.226		1.83572863278	0.993	0.91	2.69632e-12		1.81529779515	0.00021	0.904	2.83132e-12
800   	4800  	189.478		1.83600611893	0.993	0.91	2.69459e-12		1.81562939574	0.000209	0.905	2.82909e-12
800   	4800  	189.73		1.83628286818	0.993	0.91	2.69286e-12		1.81596004705	0.000207	0.905	2.82687e-12
800   	4800  	189.981		1.83655888344	0.993	0.91	2.69114e-12		1.81628975309	0.000206	0.905	2.82465e-12
800   	4800  	190.233		1.83683416762	0.993	0.911	2.68942e-12		1.81661851783	0.000205	0.906	2.82245e-12
800   	4800  	190.485		1.8371087236	0.993	0.911	2.68771e-12		1.81694634524	0.000204	0.906	2.82026e-12
800   	4800  	190.736		1.83738255425	0.993	0.911	2.68601e-12		1.81727323927	0.000203	0.906	2.81807e-12
800   	4800  	190.988		1.83765566242	0.993	0.911	2.68432e-12		1.81759920383	0.000202	0.906	2.81589e-12
800   	4800  	191.24		1.83792805097	0.993	0.912	2.68262e-12		1.81792424282	0.000201	0.907	2.81372e-12
800   	4800  	191.491		1.83819972271	0.993	0.912	2.68094e-12		1.81824836012	0.0002	0.907	2.81156e-12
800   	4800  	191.743		1.83847068046	0.993	0.912	2.67926e-12		1.8185715596	0.000199	0.907	2.80941e-12
800   	4800  	191.995		1.83874092703	0.993	0.912	2.67759e-12		1.8188938451	0.000198	0.907	2.80727e-12
800   	4800  	192.246		1.8390104652	0.993	0.913	2.67592e-12		1.81921522042	0.000197	0.908	2.80514e-12
800   	4800  	192.498		1.83927929775	0.993	0.913	2.67426e-12		1.81953568939	0.000196	0.908	2.80301e-12
800   	4800  	192.75		1.83954742744	0.993	0.913	2.67261e-12		1.81985525577	0.000195	0.908	2.80089e-12
800   	4800  	193.001		1.83981485702	0.993	0.913	2.67096e-12		1.82017392333	0.000194	0.909	2.79879e-12
800   	4800  	193.253		1.84008158923	0.993	0.914	2.66931e-12		1.82049169581	0.000193	0.909	2.79669e-12
800   	4800  	193.505		1.84034762679	0.993	0.914	2.66768e-12		1.82080857693	0.000192	0.909	2.79459e-12
800   	4800  	193.756		1.84061297241	0.993	0.914	2.66605e-12		1.8211245704	0.000191	0.909	2.79251e-12
800   	4800  	194.008		1.84087762878	0.993	0.914	2.66442e-12		1.82143967991	0.00019	0.91	2.79043e-12
800   	4800  	194.26		1.84114159859	0.993	0.915	2.6628e-12		1.82175390912	0.000189	0.91	2.78837e-12
800   	4800  	194.511		1.84140488451	0.993	0.915	2.66119e-12		1.82206726168	0.000189	0.91	2.78631e-12
800   	4800  	194.763		1.84166748921	0.993	0.915	2.65958e-12		1.82237974121	0.000188	0.91	2.78425e-12
800   	4800  	195.015		1.84192941532	0.993	0.915	2.65797e-12		1.82269135133	0.000187	0.911	2.78221e-12
800   	4800  	195.266		1.84219066548	0.993	0.916	2.65638e-12		1.82300209562	0.000186	0.911	2.78018e-12
800   	4800  	195.518		1.84245124231	0.993	0.916	2.65478e-12		1.82331197767	0.000185	0.911	2.77815e-12
800   	4800  	195.77		1.84271114842	0.993	0.916	2.6532e-12		1.82362100103	0.000184	0.911	2.77613e-12
800   	4800  	196.021		1.84297038641	0.993	0.916	2.65162e-12		1.82392916924	0.000183	0.912	2.77412e-12
800   	4800  	196.273		1.84322895886	0.993	0.917	2.65004e-12		1.82423648581	0.000182	0.912	2.77211e-12
800   	4800  	196.525		1.84348686834	0.993	0.917	2.64847e-12		1.82454295424	0.000181	0.912	2.77012e-12
800   	4800  	196.776		1.84374411742	0.993	0.917	2.64691e-12		1.82484857803	0.00018	0.913	2.76813e-12
800   	4800  	197.028		1.84400070864	0.993	0.917	2.64535e-12		1.82515336063	0.000179	0.913	2.76615e-12
800   	4800  	197.28		1.84425664454	0.993	0.917	2.64379e-12		1.82545730549	0.000179	0.913	2.76417e-12
800   	4800  	197.531		1.84451192764	0.993	0.918	2.64225e-12		1.82576041606	0.000178	0.913	2.76221e-12
800   	4800  	197.783		1.84476656046	0.994	0.918	2.6407e-12		1.82606269573	0.000177	0.914	2.76025e-12
800   	4800  	198.035		1.84502054549	0.994	0.918	2.63916e-12		1.82636414791	0.000176	0.914	2.7583e-12
800   	4800  	198.286		1.84527388522	0.994	0.918	2.63763e-12		1.82666477598	0.000175	0.914	2.75635e-12
800   	4800  	198.538		1.84552658214	0.994	0.919	2.6361e-12		1.8269645833	0.000174	0.914	2.75442e-12
800   	4900  	186.206		1.83261141813	0.993	0.906	2.76966e-12		1.81232947095	0.000211	0.901	2.90787e-12
800   	4900  	186.458		1.83289727388	0.993	0.907	2.76782e-12		1.81266994606	0.00021	0.902	2.90551e-12
800   	4900  	186.71		1.83318235936	0.993	0.907	2.76599e-12		1.81300943305	0.000209	0.902	2.90316e-12
800   	4900  	186.961		1.83346667766	0.993	0.907	2.76416e-12		1.81334793613	0.000208	0.902	2.90083e-12
800   	4900  	187.213		1.83375023183	0.993	0.908	2.76235e-12		1.8136854595	0.000207	0.902	2.8985e-12
800   	4900  	187.465		1.83403302491	0.993	0.908	2.76053e-12		1.8140220073	0.000205	0.903	2.89618e-12
800   	4900  	187.716		1.83431505994	0.993	0.908	2.75873e-12		1.8143575837	0.000204	0.903	2.89387e-12
800   	4900  	187.968		1.83459633993	0.993	0.908	2.75693e-12		1.81469219281	0.000203	0.903	2.89157e-12
800   	4900  	188.22		1.83487686788	0.993	0.909	2.75514e-12		1.81502583874	0.000202	0.904	2.88928e-12
800   	4900  	188.471		1.83515664677	0.993	0.909	2.75336e-12		1.81535852556	0.000201	0.904	2.887e-12
800   	4900  	188.723		1.83543567958	0.993	0.909	2.75158e-12		1.81569025734	0.0002	0.904	2.88472e-12
800   	4900  	188.975		1.83571396926	0.993	0.909	2.74981e-12		1.8160210381	0.000199	0.904	2.88246e-12
800   	4900  	189.226		1.83599151876	0.993	0.91	2.74804e-12		1.81635087188	0.000198	0.905	2.88021e-12
800   	4900  	189.478		1.83626833099	0.993	0.91	2.74628e-12		1.81667976265	0.000197	0.905	2.87796e-12
800   	4900  	189.73		1.83654440888	0.993	0.91	2.74453e-12		1.8170077144	0.000196	0.905	2.87573e-12
800   	4900  	189.981		1.83681975532	0.993	0.91	2.74279e-12		1.81733473108	0.000195	0.906	2.8735e-12
800   	4900  	190.233		1.83709437321	0.993	0.911	2.74105e-12		1.81766081663	0.000194	0.906	2.87128e-12
800   	4900  	190.485		1.83736826541	0.993	0.911	2.73931e-12		1.81798597495	0.000193	0.906	2.86908e-12
800   	4900  	190.736		1.83764143477	0.993	0.911	2.73759e-12		1.81831020994	0.000192	0.906	2.86688e-12
800   	4900  	190.988		1.83791388415	0.993	0.912	2.73587e-12		1.81863352547	0.000191	0.907	2.86469e-12
800   	4900  	191.24		1.83818561638	0.993	0.912	2.73415e-12		1.81895592539	0.00019	0.907	2.8625e-12
800   	4900  	191.491		1.83845663427	0.993	0.912	2.73244e-12		1.81927741354	0.000189	0.907	2.86033e-12
800   	4900  	191.743		1.83872694062	0.993	0.912	2.73074e-12		1.81959799373	0.000188	0.908	2.85817e-12
800   	4900  	191.995		1.83899653823	0.993	0.913	2.72905e-12		1.81991766974	0.000187	0.908	2.85601e-12
800   	4900  	192.246		1.83926542988	0.993	0.913	2.72736e-12		1.82023644536	0.000186	0.908	2.85386e-12
800   	4900  	192.498		1.83953361832	0.993	0.913	2.72567e-12		1.82055432434	0.000186	0.908	2.85172e-12
800   	4900  	192.75		1.8398011063	0.993	0.913	2.72399e-12		1.82087131041	0.000185	0.909	2.84959e-12
800   	4900  	193.001		1.84006789657	0.993	0.914	2.72232e-12		1.82118740728	0.000184	0.909	2.84747e-12
800   	4900  	193.253		1.84033399184	0.993	0.914	2.72066e-12		1.82150261866	0.000183	0.909	2.84536e-12
800   	4900  	193.505		1.84059939484	0.993	0.914	2.719e-12		1.82181694821	0.000182	0.909	2.84325e-12
800   	4900  	193.756		1.84086410825	0.993	0.914	2.71734e-12		1.82213039961	0.000181	0.91	2.84116e-12
800   	4900  	194.008		1.84112813477	0.994	0.914	2.71569e-12		1.82244297648	0.00018	0.91	2.83907e-12
800   	4900  	194.26		1.84139147706	0.994	0.915	2.71405e-12		1.82275468245	0.000179	0.91	2.83699e-12
800   	4900  	194.511		1.84165413779	0.994	0.915	2.71241e-12		1.82306552113	0.000178	0.911	2.83491e-12
800   	4900  	194.763		1.8419161196	0.994	0.915	2.71078e-12		1.82337549608	0.000177	0.911	2.83285e-12
800   	4900  	195.015		1.84217742513	0.994	0.915	2.70916e-12		1.82368461089	0.000176	0.911	2.83079e-12
800   	4900  	195.266		1.842438057 	0.994	0.916	2.70754e-12		1.8239928691	0.000176	0.911	2.82874e-12
800   	4900  	195.518		1.84269801782	0.994	0.916	2.70592e-12		1.82430027424	0.000175	0.912	2.8267e-12
800   	4900  	195.77		1.84295731019	0.994	0.916	2.70431e-12		1.82460682981	0.000174	0.912	2.82467e-12
800   	4900  	196.021		1.8432159367	0.994	0.916	2.70271e-12		1.82491253932	0.000173	0.912	2.82264e-12
800   	4900  	196.273		1.84347389992	0.994	0.917	2.70111e-12		1.82521740625	0.000172	0.912	2.82063e-12
800   	4900  	196.525		1.8437312024	0.994	0.917	2.69952e-12		1.82552143403	0.000171	0.913	2.81862e-12
800   	4900  	196.776		1.84398784671	0.994	0.917	2.69793e-12		1.82582462613	0.00017	0.913	2.81661e-12
800   	4900  	197.028		1.84424383537	0.994	0.917	2.69635e-12		1.82612698596	0.00017	0.913	2.81462e-12
800   	4900  	197.28		1.84449917092	0.994	0.918	2.69477e-12		1.82642851693	0.000169	0.913	2.81263e-12
800   	4900  	197.531		1.84475385586	0.994	0.918	2.6932e-12		1.82672922243	0.000168	0.914	2.81065e-12
800   	4900  	197.783		1.8450078927	0.994	0.918	2.69164e-12		1.82702910583	0.000167	0.914	2.80868e-12
800   	4900  	198.035		1.84526128393	0.994	0.918	2.69008e-12		1.82732817049	0.000166	0.914	2.80672e-12
800   	4900  	198.286		1.84551403203	0.994	0.918	2.68852e-12		1.82762641974	0.000166	0.914	2.80476e-12
800   	4900  	198.538		1.84576613946	0.994	0.919	2.68698e-12		1.82792385691	0.000165	0.915	2.80281e-12
800   	5000  	186.206		1.83286722437	0.993	0.907	2.82171e-12		1.81335414454	0.0002	0.902	2.95709e-12
800   	5000  	186.458		1.83315241348	0.993	0.907	2.81985e-12		1.81369193936	0.000199	0.902	2.95472e-12
800   	5000  	186.71		1.8334368349	0.993	0.907	2.81799e-12		1.81402875635	0.000198	0.902	2.95236e-12
800   	5000  	186.961		1.83372049168	0.993	0.907	2.81614e-12		1.8143645997	0.000197	0.903	2.95e-12
800   	5000  	187.213		1.83400338687	0.993	0.908	2.8143e-12		1.81469947352	0.000196	0.903	2.94766e-12
800   	5000  	187.465		1.8342855235	0.993	0.908	2.81246e-12		1.81503338194	0.000194	0.903	2.94533e-12
800   	5000  	187.716		1.83456690459	0.993	0.908	2.81063e-12		1.81536632905	0.000193	0.903	2.943e-12
800   	5000  	187.968		1.83484753314	0.993	0.908	2.80881e-12		1.81569831893	0.000192	0.904	2.94069e-12
800   	5000  	188.22		1.83512741213	0.993	0.909	2.80699e-12		1.81602935563	0.000192	0.904	2.93838e-12
800   	5000  	188.471		1.83540654455	0.993	0.909	2.80518e-12		1.81635944318	0.000191	0.904	2.93609e-12
800   	5000  	188.723		1.83568493334	0.993	0.909	2.80338e-12		1.81668858559	0.00019	0.905	2.9338e-12
800   	5000  	188.975		1.83596258146	0.993	0.91	2.80159e-12		1.81701678684	0.000189	0.905	2.93152e-12
800   	5000  	189.226		1.83623949183	0.993	0.91	2.7998e-12		1.8173440509	0.000188	0.905	2.92926e-12
800   	5000  	189.478		1.83651566736	0.993	0.91	2.79801e-12		1.81767038173	0.000187	0.905	2.927e-12
800   	5000  	189.73		1.83679111097	0.993	0.91	2.79624e-12		1.81799578325	0.000186	0.906	2.92475e-12
800   	5000  	189.981		1.83706582554	0.993	0.911	2.79447e-12		1.81832025937	0.000185	0.906	2.92251e-12
800   	5000  	190.233		1.83733981393	0.993	0.911	2.7927e-12		1.81864381396	0.000184	0.906	2.92028e-12
800   	5000  	190.485		1.83761307902	0.994	0.911	2.79095e-12		1.8189664509	0.000183	0.907	2.91805e-12
800   	5000  	190.736		1.83788562365	0.994	0.911	2.7892e-12		1.81928817403	0.000182	0.907	2.91584e-12
800   	5000  	190.988		1.83815745064	0.994	0.912	2.78745e-12		1.81960898719	0.000181	0.907	2.91364e-12
800   	5000  	191.24		1.83842856283	0.994	0.912	2.78571e-12		1.81992889416	0.00018	0.907	2.91144e-12
800   	5000  	191.491		1.83869896301	0.994	0.912	2.78398e-12		1.82024789875	0.000179	0.908	2.90925e-12
800   	5000  	191.743		1.83896865398	0.994	0.912	2.78226e-12		1.82056600471	0.000178	0.908	2.90707e-12
800   	5000  	191.995		1.83923763851	0.994	0.913	2.78054e-12		1.8208832158	0.000177	0.908	2.9049e-12
800   	5000  	192.246		1.83950591938	0.994	0.913	2.77882e-12		1.82119953574	0.000177	0.908	2.90274e-12
800   	5000  	192.498		1.83977349932	0.994	0.913	2.77711e-12		1.82151496824	0.000176	0.909	2.90059e-12
800   	5000  	192.75		1.8400403811	0.994	0.913	2.77541e-12		1.821829517 	0.000175	0.909	2.89845e-12
800   	5000  	193.001		1.84030656742	0.994	0.914	2.77372e-12		1.82214318567	0.000174	0.909	2.89631e-12
800   	5000  	193.253		1.840572061 	0.994	0.914	2.77203e-12		1.82245597792	0.000173	0.91	2.89418e-12
800   	5000  	193.505		1.84083686454	0.994	0.914	2.77034e-12		1.82276789738	0.000172	0.91	2.89206e-12
800   	5000  	193.756		1.84110098074	0.994	0.914	2.76867e-12		1.82307894766	0.000171	0.91	2.88995e-12
800   	5000  	194.008		1.84136441226	0.994	0.915	2.767e-12		1.82338913236	0.00017	0.91	2.88785e-12
800   	5000  	194.26		1.84162716176	0.994	0.915	2.76533e-12		1.82369845506	0.00017	0.911	2.88575e-12
800   	5000  	194.511		1.84188923191	0.994	0.915	2.76367e-12		1.82400691931	0.000169	0.911	2.88367e-12
800   	5000  	194.763		1.84215062532	0.994	0.915	2.76202e-12		1.82431452866	0.000168	0.911	2.88159e-12
800   	5000  	195.015		1.84241134463	0.994	0.916	2.76037e-12		1.82462128663	0.000167	0.911	2.87952e-12
800   	5000  	195.266		1.84267139246	0.994	0.916	2.75872e-12		1.82492719672	0.000166	0.912	2.87746e-12
800   	5000  	195.518		1.84293077139	0.994	0.916	2.75709e-12		1.82523226244	0.000165	0.912	2.8754e-12
800   	5000  	195.77		1.84318948402	0.994	0.916	2.75546e-12		1.82553648723	0.000165	0.912	2.87336e-12
800   	5000  	196.021		1.84344753292	0.994	0.916	2.75383e-12		1.82583987456	0.000164	0.912	2.87132e-12
800   	5000  	196.273		1.84370492065	0.994	0.917	2.75221e-12		1.82614242787	0.000163	0.913	2.86929e-12
800   	5000  	196.525		1.84396164978	0.994	0.917	2.7506e-12		1.82644415056	0.000162	0.913	2.86726e-12
800   	5000  	196.776		1.84421772283	0.994	0.917	2.74899e-12		1.82674504605	0.000161	0.913	2.86525e-12
800   	5000  	197.028		1.84447314233	0.994	0.917	2.74738e-12		1.8270451177	0.000161	0.913	2.86324e-12
800   	5000  	197.28		1.84472791081	0.994	0.918	2.74578e-12		1.8273443689	0.00016	0.914	2.86124e-12
800   	5000  	197.531		1.84498203075	0.994	0.918	2.74419e-12		1.82764280298	0.000159	0.914	2.85925e-12
800   	5000  	197.783		1.84523550466	0.994	0.918	2.74261e-12		1.82794042329	0.000158	0.914	2.85726e-12
800   	5000  	198.035		1.84548833502	0.994	0.918	2.74102e-12		1.82823723313	0.000158	0.914	2.85528e-12
800   	5000  	198.286		1.84574052429	0.994	0.919	2.73945e-12		1.82853323581	0.000157	0.915	2.85331e-12
800   	5000  	198.538		1.84599207493	0.994	0.919	2.73788e-12		1.8288284346	0.000156	0.915	2.85135e-12
801   	4700  	186.206		1.83224638405	0.992	0.907	2.66767e-12		1.81028557154	0.000236	0.901	2.81202e-12
801   	4700  	186.458		1.83253345268	0.992	0.907	2.66589e-12		1.81063164374	0.000235	0.901	2.80969e-12
801   	4700  	186.71		1.83281974576	0.992	0.907	2.66411e-12		1.81097670574	0.000234	0.901	2.80737e-12
801   	4700  	186.961		1.83310526638	0.992	0.907	2.66233e-12		1.81132076186	0.000232	0.902	2.80506e-12
801   	4700  	187.213		1.83339001764	0.992	0.908	2.66056e-12		1.8116638164	0.000231	0.902	2.80276e-12
801   	4700  	187.465		1.8336740026	0.992	0.908	2.6588e-12		1.81200587362	0.00023	0.902	2.80047e-12
801   	4700  	187.716		1.83395722433	0.992	0.908	2.65705e-12		1.8123469378	0.000229	0.902	2.79818e-12
801   	4700  	187.968		1.83423968586	0.993	0.908	2.6553e-12		1.81268701315	0.000228	0.903	2.79591e-12
801   	4700  	188.22		1.83452139022	0.993	0.909	2.65356e-12		1.81302610389	0.000226	0.903	2.79365e-12
801   	4700  	188.471		1.83480234043	0.993	0.909	2.65183e-12		1.8133642142	0.000225	0.903	2.79139e-12
801   	4700  	188.723		1.83508253948	0.993	0.909	2.6501e-12		1.81370134825	0.000224	0.904	2.78915e-12
801   	4700  	188.975		1.83536199035	0.993	0.909	2.64838e-12		1.81403751018	0.000223	0.904	2.78691e-12
801   	4700  	189.226		1.83564069603	0.993	0.91	2.64666e-12		1.81437270411	0.000222	0.904	2.78469e-12
801   	4700  	189.478		1.83591865945	0.993	0.91	2.64495e-12		1.81470693415	0.000221	0.904	2.78247e-12
801   	4700  	189.73		1.83619588356	0.993	0.91	2.64325e-12		1.81504020436	0.000219	0.905	2.78026e-12
801   	4700  	189.981		1.83647237129	0.993	0.911	2.64155e-12		1.81537251881	0.000218	0.905	2.77806e-12
801   	4700  	190.233		1.83674812554	0.993	0.911	2.63986e-12		1.81570388153	0.000217	0.905	2.77587e-12
801   	4700  	190.485		1.83702314922	0.993	0.911	2.63818e-12		1.81603429653	0.000216	0.906	2.77369e-12
801   	4700  	190.736		1.83729744521	0.993	0.911	2.6365e-12		1.81636376782	0.000215	0.906	2.77152e-12
801   	4700  	190.988		1.83757101638	0.993	0.912	2.63483e-12		1.81669229936	0.000214	0.906	2.76935e-12
801   	4700  	191.24		1.83784386558	0.993	0.912	2.63316e-12		1.8170198951	0.000213	0.906	2.7672e-12
801   	4700  	191.491		1.83811599567	0.993	0.912	2.6315e-12		1.81734655898	0.000212	0.907	2.76505e-12
801   	4700  	191.743		1.83838740945	0.993	0.912	2.62984e-12		1.81767229491	0.000211	0.907	2.76291e-12
801   	4700  	191.995		1.83865810976	0.993	0.913	2.6282e-12		1.81799710678	0.00021	0.907	2.76079e-12
801   	4700  	192.246		1.8389280994	0.993	0.913	2.62655e-12		1.81832099845	0.000209	0.908	2.75866e-12
801   	4700  	192.498		1.83919738114	0.993	0.913	2.62492e-12		1.81864397379	0.000208	0.908	2.75655e-12
801   	4700  	192.75		1.83946595777	0.993	0.913	2.62328e-12		1.81896603663	0.000206	0.908	2.75445e-12
801   	4700  	193.001		1.83973383205	0.993	0.914	2.62166e-12		1.81928719076	0.000205	0.908	2.75235e-12
801   	4700  	193.253		1.84000100673	0.993	0.914	2.62004e-12		1.81960743999	0.000204	0.909	2.75027e-12
801   	4700  	193.505		1.84026748454	0.993	0.914	2.61843e-12		1.81992678809	0.000203	0.909	2.74819e-12
801   	4700  	193.756		1.8405332682	0.993	0.914	2.61682e-12		1.82024523881	0.000202	0.909	2.74612e-12
801   	4700  	194.008		1.84079836043	0.993	0.915	2.61522e-12		1.82056279588	0.000201	0.909	2.74405e-12
801   	4700  	194.26		1.84106276392	0.993	0.915	2.61362e-12		1.82087946303	0.0002	0.91	2.742e-12
801   	4700  	194.511		1.84132648135	0.993	0.915	2.61203e-12		1.82119524393	0.000199	0.91	2.73995e-12
801   	4700  	194.763		1.8415895154	0.993	0.915	2.61044e-12		1.82151014228	0.000198	0.91	2.73791e-12
801   	4700  	195.015		1.84185186872	0.993	0.915	2.60886e-12		1.82182416172	0.000197	0.911	2.73588e-12
801   	4700  	195.266		1.84211354396	0.993	0.916	2.60729e-12		1.8221373059	0.000196	0.911	2.73386e-12
801   	4700  	195.518		1.84237454375	0.993	0.916	2.60572e-12		1.82244957844	0.000195	0.911	2.73185e-12
801   	4700  	195.77		1.84263487072	0.993	0.916	2.60416e-12		1.82276098294	0.000194	0.911	2.72984e-12
801   	4700  	196.021		1.84289452747	0.993	0.916	2.6026e-12		1.82307152298	0.000194	0.912	2.72784e-12
801   	4700  	196.273		1.8431535166	0.993	0.917	2.60105e-12		1.82338120213	0.000193	0.912	2.72585e-12
801   	4700  	196.525		1.84341184069	0.993	0.917	2.5995e-12		1.82369002394	0.000192	0.912	2.72387e-12
801   	4700  	196.776		1.84366950231	0.993	0.917	2.59796e-12		1.82399799193	0.000191	0.912	2.72189e-12
801   	4700  	197.028		1.84392650403	0.993	0.917	2.59642e-12		1.82430510962	0.00019	0.913	2.71992e-12
801   	4700  	197.28		1.84418284839	0.993	0.918	2.59489e-12		1.82461138049	0.000189	0.913	2.71796e-12
801   	4700  	197.531		1.84443853792	0.993	0.918	2.59336e-12		1.82491680803	0.000188	0.913	2.71601e-12
801   	4700  	197.783		1.84469357516	0.993	0.918	2.59184e-12		1.8252213957	0.000187	0.913	2.71406e-12
801   	4700  	198.035		1.84494796261	0.993	0.918	2.59033e-12		1.82552514693	0.000186	0.914	2.71213e-12
801   	4700  	198.286		1.84520170277	0.993	0.919	2.58882e-12		1.82582806515	0.000185	0.914	2.71019e-12
801   	4700  	198.538		1.84545479813	0.993	0.919	2.58731e-12		1.82613015376	0.000184	0.914	2.70827e-12
801   	4800  	186.206		1.83253416932	0.993	0.907	2.71969e-12		1.81143870826	0.000223	0.901	2.86093e-12
801   	4800  	186.458		1.8328204905	0.993	0.907	2.71788e-12		1.81178177481	0.000222	0.901	2.85859e-12
801   	4800  	186.71		1.83310603897	0.993	0.907	2.71608e-12		1.81212384264	0.00022	0.902	2.85625e-12
801   	4800  	186.961		1.83339081785	0.993	0.907	2.71428e-12		1.81246491603	0.000219	0.902	2.85393e-12
801   	4800  	187.213		1.83367483019	0.993	0.908	2.71249e-12		1.81280499921	0.000218	0.902	2.85161e-12
801   	4800  	187.465		1.83395807905	0.993	0.908	2.7107e-12		1.81314409642	0.000217	0.903	2.84931e-12
801   	4800  	187.716		1.83424056749	0.993	0.908	2.70892e-12		1.81348221184	0.000216	0.903	2.84701e-12
801   	4800  	187.968		1.83452229852	0.993	0.909	2.70715e-12		1.81381934966	0.000215	0.903	2.84473e-12
801   	4800  	188.22		1.83480327516	0.993	0.909	2.70538e-12		1.81415551402	0.000214	0.903	2.84245e-12
801   	4800  	188.471		1.83508350041	0.993	0.909	2.70363e-12		1.81449070906	0.000213	0.904	2.84018e-12
801   	4800  	188.723		1.83536297726	0.993	0.909	2.70187e-12		1.81482493889	0.000212	0.904	2.83793e-12
801   	4800  	188.975		1.83564170866	0.993	0.91	2.70013e-12		1.8151582076	0.00021	0.904	2.83568e-12
801   	4800  	189.226		1.83591969759	0.993	0.91	2.69839e-12		1.81549051925	0.000209	0.905	2.83344e-12
801   	4800  	189.478		1.83619694698	0.993	0.91	2.69665e-12		1.8158218779	0.000208	0.905	2.83121e-12
801   	4800  	189.73		1.83647345975	0.993	0.91	2.69493e-12		1.81615228756	0.000207	0.905	2.82899e-12
801   	4800  	189.981		1.83674923883	0.993	0.911	2.69321e-12		1.81648175225	0.000206	0.905	2.82678e-12
801   	4800  	190.233		1.8370242871	0.993	0.911	2.69149e-12		1.81681027594	0.000205	0.906	2.82457e-12
801   	4800  	190.485		1.83729860745	0.993	0.911	2.68978e-12		1.8171378626	0.000204	0.906	2.82238e-12
801   	4800  	190.736		1.83757220276	0.993	0.911	2.68808e-12		1.81746451617	0.000203	0.906	2.82019e-12
801   	4800  	190.988		1.83784507588	0.993	0.912	2.68638e-12		1.81779024057	0.000202	0.907	2.81802e-12
801   	4800  	191.24		1.83811722966	0.993	0.912	2.68469e-12		1.81811503971	0.000201	0.907	2.81585e-12
801   	4800  	191.491		1.83838866691	0.993	0.912	2.68301e-12		1.81843891746	0.0002	0.907	2.81369e-12
801   	4800  	191.743		1.83865939047	0.993	0.912	2.68133e-12		1.81876187768	0.000199	0.907	2.81154e-12
801   	4800  	191.995		1.83892940313	0.993	0.913	2.67966e-12		1.81908392422	0.000198	0.908	2.8094e-12
801   	4800  	192.246		1.83919870768	0.993	0.913	2.67799e-12		1.81940506089	0.000197	0.908	2.80726e-12
801   	4800  	192.498		1.8394673069	0.993	0.913	2.67633e-12		1.81972529151	0.000196	0.908	2.80514e-12
801   	4800  	192.75		1.83973520355	0.993	0.913	2.67468e-12		1.82004461984	0.000195	0.909	2.80302e-12
801   	4800  	193.001		1.84000240038	0.993	0.914	2.67303e-12		1.82036304965	0.000194	0.909	2.80091e-12
801   	4800  	193.253		1.84026890013	0.993	0.914	2.67139e-12		1.82068058469	0.000193	0.909	2.79881e-12
801   	4800  	193.505		1.84053470551	0.993	0.914	2.66975e-12		1.82099722868	0.000192	0.909	2.79672e-12
801   	4800  	193.756		1.84079981924	0.993	0.914	2.66812e-12		1.82131298533	0.000191	0.91	2.79464e-12
801   	4800  	194.008		1.84106424402	0.993	0.915	2.6665e-12		1.82162785831	0.00019	0.91	2.79256e-12
801   	4800  	194.26		1.84132798253	0.993	0.915	2.66488e-12		1.82194185129	0.000189	0.91	2.7905e-12
801   	4800  	194.511		1.84159103744	0.993	0.915	2.66326e-12		1.82225496793	0.000188	0.91	2.78844e-12
801   	4800  	194.763		1.84185341142	0.993	0.915	2.66166e-12		1.82256721186	0.000187	0.911	2.78639e-12
801   	4800  	195.015		1.8421151071	0.993	0.916	2.66005e-12		1.82287858667	0.000186	0.911	2.78434e-12
801   	4800  	195.266		1.84237612713	0.993	0.916	2.65846e-12		1.82318909597	0.000185	0.911	2.78231e-12
801   	4800  	195.518		1.84263647412	0.993	0.916	2.65686e-12		1.82349874334	0.000185	0.911	2.78028e-12
801   	4800  	195.77		1.84289615068	0.993	0.916	2.65528e-12		1.82380753231	0.000184	0.912	2.77826e-12
801   	4800  	196.021		1.84315515942	0.993	0.917	2.6537e-12		1.82411546644	0.000183	0.912	2.77625e-12
801   	4800  	196.273		1.84341350291	0.993	0.917	2.65212e-12		1.82442254925	0.000182	0.912	2.77425e-12
801   	4800  	196.525		1.84367118373	0.993	0.917	2.65055e-12		1.82472878423	0.000181	0.912	2.77225e-12
801   	4800  	196.776		1.84392820443	0.993	0.917	2.64899e-12		1.82503417486	0.00018	0.913	2.77026e-12
801   	4800  	197.028		1.84418456758	0.993	0.917	2.64743e-12		1.82533872463	0.000179	0.913	2.76828e-12
801   	4800  	197.28		1.84444027569	0.993	0.918	2.64588e-12		1.82564243697	0.000178	0.913	2.76631e-12
801   	4800  	197.531		1.84469533131	0.993	0.918	2.64433e-12		1.82594531531	0.000177	0.913	2.76434e-12
801   	4800  	197.783		1.84494973693	0.994	0.918	2.64279e-12		1.82624736307	0.000177	0.914	2.76239e-12
801   	4800  	198.035		1.84520349507	0.994	0.918	2.64125e-12		1.82654858365	0.000176	0.914	2.76044e-12
801   	4800  	198.286		1.84545660821	0.994	0.919	2.63972e-12		1.82684898043	0.000175	0.914	2.75849e-12
801   	4800  	198.538		1.84570907882	0.994	0.919	2.63819e-12		1.82714855677	0.000174	0.914	2.75656e-12
801   	4900  	186.206		1.83280532705	0.993	0.907	2.77175e-12		1.81252504669	0.000211	0.902	2.91002e-12
801   	4900  	186.458		1.83309094274	0.993	0.907	2.76991e-12		1.81286527652	0.00021	0.902	2.90766e-12
801   	4900  	186.71		1.83337578844	0.993	0.907	2.76808e-12		1.81320451852	0.000208	0.902	2.90531e-12
801   	4900  	186.961		1.83365986723	0.993	0.908	2.76626e-12		1.81354277689	0.000207	0.902	2.90298e-12
801   	4900  	187.213		1.83394318217	0.993	0.908	2.76444e-12		1.81388005584	0.000206	0.903	2.90065e-12
801   	4900  	187.465		1.83422573631	0.993	0.908	2.76263e-12		1.81421635952	0.000205	0.903	2.89833e-12
801   	4900  	187.716		1.83450753266	0.993	0.908	2.76083e-12		1.81455169208	0.000204	0.903	2.89602e-12
801   	4900  	187.968		1.83478857426	0.993	0.909	2.75903e-12		1.81488605765	0.000203	0.904	2.89372e-12
801   	4900  	188.22		1.83506886409	0.993	0.909	2.75724e-12		1.81521946033	0.000202	0.904	2.89143e-12
801   	4900  	188.471		1.83534840514	0.993	0.909	2.75546e-12		1.81555190419	0.000201	0.904	2.88915e-12
801   	4900  	188.723		1.8356272004	0.993	0.909	2.75368e-12		1.8158833933	0.0002	0.904	2.88688e-12
801   	4900  	188.975		1.8359052528	0.993	0.91	2.75191e-12		1.8162139317	0.000199	0.905	2.88462e-12
801   	4900  	189.226		1.8361825653	0.993	0.91	2.75015e-12		1.8165435234	0.000198	0.905	2.88236e-12
801   	4900  	189.478		1.83645914082	0.993	0.91	2.74839e-12		1.8168721724	0.000197	0.905	2.88012e-12
801   	4900  	189.73		1.83673498228	0.993	0.91	2.74664e-12		1.81719988267	0.000196	0.906	2.87789e-12
801   	4900  	189.981		1.83701009258	0.993	0.911	2.74489e-12		1.81752665817	0.000195	0.906	2.87566e-12
801   	4900  	190.233		1.8372844746	0.993	0.911	2.74315e-12		1.81785250283	0.000194	0.906	2.87344e-12
801   	4900  	190.485		1.83755813122	0.993	0.911	2.74142e-12		1.81817742056	0.000193	0.906	2.87124e-12
801   	4900  	190.736		1.83783106529	0.993	0.911	2.7397e-12		1.81850141527	0.000192	0.907	2.86904e-12
801   	4900  	190.988		1.83810327966	0.993	0.912	2.73798e-12		1.81882449081	0.000191	0.907	2.86685e-12
801   	4900  	191.24		1.83837477716	0.993	0.912	2.73626e-12		1.81914665104	0.00019	0.907	2.86467e-12
801   	4900  	191.491		1.83864556062	0.993	0.912	2.73456e-12		1.8194678998	0.000189	0.908	2.86249e-12
801   	4900  	191.743		1.83891563282	0.993	0.912	2.73285e-12		1.8197882409	0.000188	0.908	2.86033e-12
801   	4900  	191.995		1.83918499657	0.993	0.913	2.73116e-12		1.82010767813	0.000187	0.908	2.85817e-12
801   	4900  	192.246		1.83945365463	0.993	0.913	2.72947e-12		1.82042621527	0.000186	0.908	2.85603e-12
801   	4900  	192.498		1.83972160979	0.993	0.913	2.72779e-12		1.82074385606	0.000185	0.909	2.85389e-12
801   	4900  	192.75		1.83998886477	0.993	0.913	2.72611e-12		1.82106060425	0.000184	0.909	2.85176e-12
801   	4900  	193.001		1.84025542233	0.993	0.914	2.72444e-12		1.82137646355	0.000183	0.909	2.84964e-12
801   	4900  	193.253		1.84052128519	0.993	0.914	2.72277e-12		1.82169143766	0.000182	0.909	2.84753e-12
801   	4900  	193.505		1.84078645605	0.993	0.914	2.72111e-12		1.82200553025	0.000182	0.91	2.84542e-12
801   	4900  	193.756		1.84105093763	0.993	0.914	2.71946e-12		1.82231874498	0.000181	0.91	2.84332e-12
801   	4900  	194.008		1.84131473259	0.994	0.915	2.71781e-12		1.82263108549	0.00018	0.91	2.84124e-12
801   	4900  	194.26		1.84157784363	0.994	0.915	2.71617e-12		1.82294255541	0.000179	0.911	2.83916e-12
801   	4900  	194.511		1.84184027339	0.994	0.915	2.71453e-12		1.82325315834	0.000178	0.911	2.83708e-12
801   	4900  	194.763		1.84210202453	0.994	0.915	2.7129e-12		1.82356289786	0.000177	0.911	2.83502e-12
801   	4900  	195.015		1.84236309967	0.994	0.916	2.71127e-12		1.82387177753	0.000176	0.911	2.83296e-12
801   	4900  	195.266		1.84262350145	0.994	0.916	2.70966e-12		1.82417980091	0.000175	0.912	2.83092e-12
801   	4900  	195.518		1.84288323248	0.994	0.916	2.70804e-12		1.82448697153	0.000175	0.912	2.82888e-12
801   	4900  	195.77		1.84314229535	0.994	0.916	2.70643e-12		1.82479329289	0.000174	0.912	2.82684e-12
801   	4900  	196.021		1.84340069265	0.994	0.917	2.70483e-12		1.8250987685	0.000173	0.912	2.82482e-12
801   	4900  	196.273		1.84365842695	0.994	0.917	2.70323e-12		1.82540340182	0.000172	0.913	2.8228e-12
801   	4900  	196.525		1.84391550081	0.994	0.917	2.70164e-12		1.82570719632	0.000171	0.913	2.82079e-12
801   	4900  	196.776		1.84417191679	0.994	0.917	2.70006e-12		1.82601015544	0.00017	0.913	2.81879e-12
801   	4900  	197.028		1.84442767742	0.994	0.918	2.69848e-12		1.8263122826	0.000169	0.913	2.8168e-12
801   	4900  	197.28		1.84468278523	0.994	0.918	2.6969e-12		1.82661358121	0.000169	0.914	2.81481e-12
801   	4900  	197.531		1.84493724273	0.994	0.918	2.69533e-12		1.82691405466	0.000168	0.914	2.81283e-12
801   	4900  	197.783		1.84519105243	0.994	0.918	2.69377e-12		1.82721370632	0.000167	0.914	2.81086e-12
801   	4900  	198.035		1.84544421681	0.994	0.918	2.69221e-12		1.82751253954	0.000166	0.914	2.8089e-12
801   	4900  	198.286		1.84569673835	0.994	0.919	2.69065e-12		1.82781055767	0.000165	0.915	2.80694e-12
801   	4900  	198.538		1.84594861952	0.994	0.919	2.6891e-12		1.82810776402	0.000165	0.915	2.80499e-12
801   	5000  	186.206		1.83306111537	0.993	0.907	2.82384e-12		1.81354964913	0.000199	0.902	2.95928e-12
801   	5000  	186.458		1.83334606447	0.993	0.907	2.82198e-12		1.81388719882	0.000198	0.902	2.95691e-12
801   	5000  	186.71		1.83363024615	0.993	0.907	2.82013e-12		1.81422377098	0.000197	0.902	2.95454e-12
801   	5000  	186.961		1.83391366347	0.993	0.908	2.81828e-12		1.81455936978	0.000196	0.903	2.95219e-12
801   	5000  	187.213		1.83419631947	0.993	0.908	2.81644e-12		1.81489399935	0.000195	0.903	2.94985e-12
801   	5000  	187.465		1.83447821719	0.993	0.908	2.8146e-12		1.81522766381	0.000194	0.903	2.94752e-12
801   	5000  	187.716		1.83475935965	0.993	0.908	2.81277e-12		1.81556036725	0.000193	0.904	2.94519e-12
801   	5000  	187.968		1.83503974985	0.993	0.909	2.81095e-12		1.81589211375	0.000192	0.904	2.94288e-12
801   	5000  	188.22		1.83531939077	0.993	0.909	2.80914e-12		1.81622290736	0.000191	0.904	2.94058e-12
801   	5000  	188.471		1.83559828539	0.993	0.909	2.80733e-12		1.81655275211	0.00019	0.905	2.93828e-12
801   	5000  	188.723		1.83587643667	0.993	0.909	2.80553e-12		1.81688165202	0.000189	0.905	2.936e-12
801   	5000  	188.975		1.83615384756	0.993	0.91	2.80373e-12		1.81720961107	0.000188	0.905	2.93372e-12
801   	5000  	189.226		1.83643052098	0.993	0.91	2.80194e-12		1.81753663323	0.000187	0.905	2.93145e-12
801   	5000  	189.478		1.83670645984	0.993	0.91	2.80016e-12		1.81786272245	0.000186	0.906	2.92919e-12
801   	5000  	189.73		1.83698166706	0.993	0.911	2.79838e-12		1.81818788265	0.000185	0.906	2.92695e-12
801   	5000  	189.981		1.83725614553	0.993	0.911	2.79661e-12		1.81851211774	0.000184	0.906	2.92471e-12
801   	5000  	190.233		1.8375298981	0.993	0.911	2.79485e-12		1.81883543162	0.000184	0.907	2.92248e-12
801   	5000  	190.485		1.83780292765	0.994	0.911	2.7931e-12		1.81915782813	0.000183	0.907	2.92025e-12
801   	5000  	190.736		1.83807523703	0.994	0.912	2.79135e-12		1.81947931114	0.000182	0.907	2.91804e-12
801   	5000  	190.988		1.83834682906	0.994	0.912	2.7896e-12		1.81979988447	0.000181	0.907	2.91584e-12
801   	5000  	191.24		1.83861770657	0.994	0.912	2.78786e-12		1.82011955192	0.00018	0.908	2.91364e-12
801   	5000  	191.491		1.83888787235	0.994	0.912	2.78613e-12		1.82043831729	0.000179	0.908	2.91146e-12
801   	5000  	191.743		1.83915732921	0.994	0.913	2.78441e-12		1.82075618433	0.000178	0.908	2.90928e-12
801   	5000  	191.995		1.83942607993	0.994	0.913	2.78269e-12		1.82107315679	0.000177	0.908	2.90711e-12
801   	5000  	192.246		1.83969412726	0.994	0.913	2.78098e-12		1.82138923841	0.000176	0.909	2.90495e-12
801   	5000  	192.498		1.83996147397	0.994	0.913	2.77927e-12		1.8217044329	0.000175	0.909	2.9028e-12
801   	5000  	192.75		1.84022812278	0.994	0.914	2.77757e-12		1.82201874394	0.000175	0.909	2.90065e-12
801   	5000  	193.001		1.84049407644	0.994	0.914	2.77587e-12		1.82233217521	0.000174	0.91	2.89852e-12
801   	5000  	193.253		1.84075933764	0.994	0.914	2.77418e-12		1.82264473035	0.000173	0.91	2.89639e-12
801   	5000  	193.505		1.8410239091	0.994	0.914	2.7725e-12		1.822956413 	0.000172	0.91	2.89427e-12
801   	5000  	193.756		1.8412877935	0.994	0.915	2.77082e-12		1.82326722678	0.000171	0.91	2.89216e-12
801   	5000  	194.008		1.84155099351	0.994	0.915	2.76915e-12		1.82357717529	0.00017	0.911	2.89006e-12
801   	5000  	194.26		1.84181351181	0.994	0.915	2.76749e-12		1.8238862621	0.000169	0.911	2.88796e-12
801   	5000  	194.511		1.84207535102	0.994	0.915	2.76583e-12		1.82419449077	0.000169	0.911	2.88588e-12
801   	5000  	194.763		1.84233651381	0.994	0.916	2.76418e-12		1.82450186484	0.000168	0.911	2.8838e-12
801   	5000  	195.015		1.84259700278	0.994	0.916	2.76253e-12		1.82480838784	0.000167	0.912	2.88173e-12
801   	5000  	195.266		1.84285682056	0.994	0.916	2.76089e-12		1.82511406327	0.000166	0.912	2.87967e-12
801   	5000  	195.518		1.84311596974	0.994	0.916	2.75925e-12		1.82541889463	0.000165	0.912	2.87762e-12
801   	5000  	195.77		1.8433744529	0.994	0.916	2.75762e-12		1.82572288537	0.000164	0.912	2.87557e-12
801   	5000  	196.021		1.84363227264	0.994	0.917	2.75599e-12		1.82602603897	0.000164	0.913	2.87353e-12
801   	5000  	196.273		1.8438894315	0.994	0.917	2.75437e-12		1.82632835884	0.000163	0.913	2.8715e-12
801   	5000  	196.525		1.84414593205	0.994	0.917	2.75276e-12		1.82662984841	0.000162	0.913	2.86948e-12
801   	5000  	196.776		1.84440177681	0.994	0.917	2.75115e-12		1.82693051107	0.000161	0.913	2.86746e-12
801   	5000  	197.028		1.84465696833	0.994	0.918	2.74955e-12		1.82723035022	0.00016	0.914	2.86546e-12
801   	5000  	197.28		1.8449115091	0.994	0.918	2.74795e-12		1.82752936922	0.00016	0.914	2.86346e-12
801   	5000  	197.531		1.84516540165	0.994	0.918	2.74636e-12		1.82782757142	0.000159	0.914	2.86146e-12
801   	5000  	197.783		1.84541864846	0.994	0.918	2.74477e-12		1.82812496014	0.000158	0.914	2.85948e-12
801   	5000  	198.035		1.845671252 	0.994	0.919	2.74319e-12		1.82842153872	0.000157	0.915	2.8575e-12
801   	5000  	198.286		1.84592321476	0.994	0.919	2.74162e-12		1.82871731043	0.000157	0.915	2.85553e-12
801   	5000  	198.538		1.84617453919	0.994	0.919	2.74005e-12		1.82901227858	0.000156	0.915	2.85357e-12
