Effective Refractive Indices:
rel_box_size:     0.001
rel_grid_spacing: 20
rel_tolerance:    0
eigenvectors:     4
boundary cond:    0000
Wavelengths from 1.55 um to 1.55 um in 1 steps
Heights from 0.4 um to 0.4 um in 1 steps
Widths from 0.3 um to 1.4 um in 9 steps
height	width	frequency	Ex_n_eff		Ex_frac	Ex_core	Ex_A_eff		Ey_n_eff		Ey_frac	Ey_core	Ey_A_eff
400   	300   	186.206		1.43831703651	0.947	0.0726	7.87538e-12		1.44471463696	0.945	0.0978	4.43516e-12
400   	300   	186.458		1.43854788385	0.947	0.0729	7.81578e-12		1.44497161911	0.945	0.0982	4.39945e-12
400   	300   	186.71		1.43877853815	0.947	0.0732	7.75658e-12		1.44522854178	0.944	0.0986	4.36401e-12
400   	300   	186.961		1.43900900442	0.947	0.0735	7.69777e-12		1.44548541042	0.944	0.0991	4.32884e-12
400   	300   	187.213		1.43923928769	0.946	0.0738	7.63935e-12		1.44574223045	0.944	0.0995	4.29394e-12
400   	300   	187.465		1.43946939294	0.946	0.0741	7.58131e-12		1.44599900727	0.944	0.1	4.2593e-12
400   	300   	187.716		1.43969932514	0.946	0.0744	7.52366e-12		1.44625574626	0.944	0.1	4.22492e-12
400   	300   	187.968		1.43992908925	0.946	0.0747	7.4664e-12		1.44651245277	0.944	0.101	4.1908e-12
400   	300   	188.22		1.44015869021	0.946	0.075	7.40952e-12		1.44676913213	0.944	0.101	4.15695e-12
400   	300   	188.471		1.44038813292	0.946	0.0753	7.35302e-12		1.44702578966	0.944	0.102	4.12335e-12
400   	300   	188.723		1.4406174223	0.946	0.0756	7.29689e-12		1.44728243064	0.944	0.102	4.09001e-12
400   	300   	188.975		1.44084656321	0.946	0.0759	7.24115e-12		1.44753906032	0.944	0.103	4.05693e-12
400   	300   	189.226		1.44107556052	0.946	0.0763	7.18578e-12		1.44779568395	0.944	0.103	4.0241e-12
400   	300   	189.478		1.44130441908	0.946	0.0766	7.13079e-12		1.44805230674	0.943	0.104	3.99152e-12
400   	300   	189.73		1.44153314371	0.946	0.0769	7.07617e-12		1.44830893389	0.943	0.104	3.9592e-12
400   	300   	189.981		1.44176173921	0.946	0.0772	7.02193e-12		1.44856557056	0.943	0.105	3.92712e-12
400   	300   	190.233		1.44199021039	0.946	0.0775	6.96805e-12		1.4488222219	0.943	0.105	3.8953e-12
400   	300   	190.485		1.44221856199	0.946	0.0779	6.91455e-12		1.44907889303	0.943	0.105	3.86372e-12
400   	300   	190.736		1.4424467988	0.946	0.0782	6.86141e-12		1.44933558905	0.943	0.106	3.8324e-12
400   	300   	190.988		1.44267492553	0.945	0.0785	6.80863e-12		1.44959231505	0.943	0.106	3.80131e-12
400   	300   	191.24		1.4429029469	0.945	0.0788	6.75622e-12		1.44984907606	0.943	0.107	3.77047e-12
400   	300   	191.491		1.44313086763	0.945	0.0792	6.70417e-12		1.45010587713	0.943	0.107	3.73987e-12
400   	300   	191.743		1.44335869239	0.945	0.0795	6.65249e-12		1.45036272325	0.942	0.108	3.70952e-12
400   	300   	191.995		1.44358642585	0.945	0.0798	6.60116e-12		1.45061961941	0.942	0.108	3.6794e-12
400   	300   	192.246		1.44381407266	0.945	0.0802	6.55019e-12		1.45087657057	0.942	0.109	3.64952e-12
400   	300   	192.498		1.44404163746	0.945	0.0805	6.49958e-12		1.45113358166	0.942	0.109	3.61988e-12
400   	300   	192.75		1.44426912485	0.945	0.0809	6.44932e-12		1.4513906576	0.942	0.11	3.59048e-12
400   	300   	193.001		1.44449653943	0.945	0.0812	6.39942e-12		1.45164780328	0.942	0.11	3.56131e-12
400   	300   	193.253		1.44472388579	0.945	0.0815	6.34987e-12		1.45190502355	0.942	0.111	3.53237e-12
400   	300   	193.505		1.44495116849	0.945	0.0819	6.30066e-12		1.45216232326	0.942	0.111	3.50366e-12
400   	300   	193.756		1.44517839208	0.945	0.0822	6.25181e-12		1.45241970723	0.942	0.112	3.47519e-12
400   	300   	194.008		1.44540556108	0.944	0.0826	6.2033e-12		1.45267718025	0.941	0.112	3.44694e-12
400   	300   	194.26		1.44563268001	0.944	0.0829	6.15514e-12		1.45293474708	0.941	0.113	3.41893e-12
400   	300   	194.511		1.44585975337	0.944	0.0833	6.10732e-12		1.45319241247	0.941	0.113	3.39113e-12
400   	300   	194.763		1.44608678564	0.944	0.0836	6.05984e-12		1.45345018114	0.941	0.114	3.36357e-12
400   	300   	195.015		1.44631378127	0.944	0.084	6.01271e-12		1.45370805779	0.941	0.114	3.33622e-12
400   	300   	195.266		1.44654074471	0.944	0.0843	5.96591e-12		1.45396604709	0.941	0.115	3.3091e-12
400   	300   	195.518		1.4467676804	0.944	0.0847	5.91945e-12		1.45422415368	0.941	0.115	3.2822e-12
400   	300   	195.77		1.44699459274	0.944	0.0851	5.87332e-12		1.45448238219	0.941	0.116	3.25552e-12
400   	300   	196.021		1.44722148613	0.944	0.0854	5.82753e-12		1.4547407372	0.94	0.116	3.22906e-12
400   	300   	196.273		1.44744836496	0.944	0.0858	5.78207e-12		1.45499922331	0.94	0.117	3.20282e-12
400   	300   	196.525		1.44767523357	0.944	0.0862	5.73695e-12		1.45525784504	0.94	0.117	3.17679e-12
400   	300   	196.776		1.44790209632	0.943	0.0865	5.69215e-12		1.45551660693	0.94	0.118	3.15097e-12
400   	300   	197.028		1.44812895754	0.943	0.0869	5.64768e-12		1.45577551347	0.94	0.119	3.12537e-12
400   	300   	197.28		1.44835582153	0.943	0.0873	5.60353e-12		1.45603456913	0.94	0.119	3.09998e-12
400   	300   	197.531		1.4485826926	0.943	0.0876	5.55971e-12		1.45629377836	0.94	0.12	3.0748e-12
400   	300   	197.783		1.44880957501	0.943	0.088	5.51621e-12		1.45655314558	0.939	0.12	3.04983e-12
400   	300   	198.035		1.44903647305	0.943	0.0884	5.47303e-12		1.45681267518	0.939	0.121	3.02507e-12
400   	300   	198.286		1.44926339094	0.943	0.0888	5.43018e-12		1.45707237154	0.939	0.121	3.00051e-12
400   	300   	198.538		1.44949033292	0.943	0.0892	5.38764e-12		1.45733223899	0.939	0.122	2.97616e-12
400   	400   	186.206		1.46508526732	0.607	0.146	5.16867e-12		1.46508526732	0.617	0.146	5.10814e-12
400   	400   	186.458		1.35323906059	0.451	0.0213	1.33823e-10		1.46540852501	0.475	0.147	5.56228e-12
400   	400   	186.71		1.46573203423	0.114	0.148	3.57698e-12		1.46573203423	0.28	0.148	4.79024e-12
400   	400   	186.961		1.4660557998	0.48	0.148	5.46885e-12		1.4660557998	0.616	0.148	4.98853e-12
400   	400   	187.213		1.46637982644	0.501	0.149	5.40007e-12		nan         	nan	nan	nan   
400   	400   	187.465		1.46670411888	0.823	0.15	3.46211e-12		1.46670411888	0.857	0.15	3.22768e-12
400   	400   	187.716		1.46702868174	0.162	0.15	3.7994e-12		1.46702868174	0.101	0.15	3.37001e-12
400   	400   	187.968		1.46735351963	0.485	0.151	5.28775e-12		nan         	nan	nan	nan   
400   	400   	188.22		1.4676786371	0.89	0.152	2.9371e-12		1.4676786371	0.876	0.152	3.02521e-12
400   	400   	188.471		1.46800403865	0.889	0.152	2.9234e-12		1.46800403865	0.92	0.152	2.73755e-12
400   	400   	188.723		1.46832972873	0.689	0.153	4.24341e-12		1.46832972873	0.841	0.153	3.19427e-12
400   	400   	188.975		1.35613729218	0.452	0.0212	1.36209e-10		1.46865571174	0.863	0.154	3.03174e-12
400   	400   	189.226		1.46898199202	0.233	0.155	4.10772e-12		1.46898199202	0.252	0.155	4.23439e-12
400   	400   	189.478		1.46930857388	0.797	0.155	3.40576e-12		1.46930857388	0.735	0.155	3.82233e-12
400   	400   	189.73		1.46963546157	0.126	0.156	3.3178e-12		1.46963546157	0.0424	0.156	2.79763e-12
400   	400   	189.981		1.35726401621	0.453	0.0212	1.37108e-10		1.46996265927	0.913	0.157	2.6387e-12
400   	400   	190.233		1.47029017115	0.922	0.157	2.57052e-12		nan         	nan	nan	nan   
400   	400   	190.485		1.35782061395	0.453	0.0211	1.37546e-10		1.47061800129	0.515	0.158	4.82905e-12
400   	400   	190.736		1.47094615374	0.916	0.159	2.55578e-12		1.47094615374	0.863	0.159	2.85272e-12
400   	400   	190.988		1.47127463249	0.595	0.16	4.47082e-12		1.47127463249	0.697	0.16	3.88263e-12
400   	400   	191.24		1.47160344148	0.487	0.16	4.75394e-12		1.35864720114	0.453	0.0211	1.38186e-10
400   	400   	191.491		1.4719325846	0.218	0.161	3.72341e-12		1.4719325846	0.226	0.161	3.7702e-12
400   	400   	191.743		1.47226206569	0.324	0.162	4.30693e-12		1.47226206569	0.302	0.162	4.19492e-12
400   	400   	191.995		1.47259188854	0.0197	0.163	2.47928e-12		1.47259188854	0.211	0.163	3.62087e-12
400   	400   	192.246		1.47292205687	0.29	0.163	4.06546e-12		1.47292205687	0.393	0.163	4.50878e-12
400   	400   	192.498		1.47325257437	0.348	0.164	4.31674e-12		1.47325257437	0.348	0.164	4.31338e-12
400   	400   	192.75		1.47358344466	0.883	0.165	2.5591e-12		1.47358344466	0.773	0.165	3.19681e-12
400   	400   	193.001		1.35131028175	0.498	0.00423	2.59154e-09		1.47391467132	0.899	0.166	2.45567e-12
400   	400   	193.253		1.47424625788	0.0989	0.166	2.80607e-12		1.47424625788	0.105	0.166	2.841e-12
400   	400   	193.505		1.4745782078	0.92	0.167	2.30959e-12		nan         	nan	nan	nan   
400   	400   	193.756		1.47491052451	0.753	0.168	3.21325e-12		nan         	nan	nan	nan   
400   	400   	194.008		1.47524321135	0.0213	0.169	2.33257e-12		1.47524321135	0.232	0.169	3.52117e-12
400   	400   	194.26		1.36185702464	0.455	0.021	1.40558e-10		1.47557627166	0.843	0.169	2.64176e-12
400   	400   	194.511		1.47590970867	0.894	0.17	2.3592e-12		1.47590970867	0.894	0.17	2.35649e-12
400   	400   	194.763		1.4762435256	0.827	0.171	2.68698e-12		1.36237745989	0.455	0.021	1.40922e-10
400   	400   	195.015		1.4765777256	0.447	0.172	4.21922e-12		1.4765777256	0.458	0.172	4.22407e-12
400   	400   	195.266		1.47691231175	0.101	0.173	2.64338e-12		1.47691231175	0.0366	0.173	2.31427e-12
400   	400   	195.518		1.47724728712	0.00905	0.173	2.1669e-12		1.47724728712	0.0942	0.173	2.58767e-12
400   	400   	195.77		1.47758265467	0.651	0.174	3.56699e-12		1.47758265467	0.735	0.174	3.10724e-12
400   	400   	196.021		1.47791841735	0.022	0.175	2.19157e-12		1.47791841735	0.0229	0.175	2.19584e-12
400   	400   	196.273		1.47825457805	0.898	0.176	2.20409e-12		1.47825457805	0.871	0.176	2.33479e-12
400   	400   	196.525		1.47859113957	0.742	0.177	2.99371e-12		1.47859113957	0.815	0.177	2.59612e-12
400   	400   	196.776		1.47892810471	0.133	0.177	2.68939e-12		1.47892810471	0.00984	0.177	2.08634e-12
400   	400   	197.028		1.47926547617	0.0151	0.178	2.09313e-12		1.47926547617	0.0711	0.178	2.35354e-12
400   	400   	197.28		1.47960325662	0.684	0.179	3.22916e-12		1.36492011197	0.456	0.0209	1.42608e-10
400   	400   	197.531		1.47994144866	0.151	0.18	2.7243e-12		1.47994144866	0.122	0.18	2.56975e-12
400   	400   	197.783		1.48028005487	0.052	0.181	2.2094e-12		1.48028005487	0.0741	0.181	2.31358e-12
400   	400   	198.035		1.48061907772	0.658	0.181	3.28423e-12		1.36566409941	0.457	0.0209	1.43068e-10
400   	400   	198.286		1.48095851968	0.64	0.182	3.34651e-12		1.48095851968	0.655	0.182	3.27161e-12
400   	400   	198.538		nan         	nan	nan	nan   		1.48129838313	0.734	0.183	2.84699e-12
400   	500   	186.206		1.49640809079	0.906	0.241	1.53176e-12		1.48466781746	0.908	0.191	2.31361e-12
400   	500   	186.458		1.49683662077	0.906	0.242	1.52056e-12		1.48505170184	0.908	0.192	2.29569e-12
400   	500   	186.71		1.49726558086	0.905	0.243	1.50948e-12		1.48543598396	0.908	0.193	2.27795e-12
400   	500   	186.961		1.49769497157	0.905	0.244	1.49851e-12		1.4858206663	0.908	0.194	2.26037e-12
400   	500   	187.213		1.49812479334	0.905	0.245	1.48765e-12		1.48620575125	0.907	0.195	2.24297e-12
400   	500   	187.465		1.49855504653	0.905	0.246	1.47691e-12		1.48659124118	0.907	0.195	2.22574e-12
400   	500   	187.716		1.49898573144	0.905	0.247	1.46627e-12		1.48697713833	0.907	0.196	2.20868e-12
400   	500   	187.968		1.49941684828	0.904	0.248	1.45573e-12		1.48736344492	0.907	0.197	2.19179e-12
400   	500   	188.22		1.49984839717	0.904	0.249	1.44531e-12		1.48775016307	0.906	0.198	2.17506e-12
400   	500   	188.471		1.5002803782	0.904	0.25	1.43499e-12		1.48813729486	0.906	0.199	2.15849e-12
400   	500   	188.723		1.50071279135	0.904	0.251	1.42477e-12		1.48852484227	0.906	0.2	2.14208e-12
400   	500   	188.975		1.50114563654	0.903	0.252	1.41466e-12		1.48891280724	0.906	0.201	2.12584e-12
400   	500   	189.226		1.50157891363	0.903	0.253	1.40464e-12		1.48930119162	0.905	0.202	2.10976e-12
400   	500   	189.478		1.50201262237	0.903	0.254	1.39473e-12		1.48968999721	0.905	0.203	2.09383e-12
400   	500   	189.73		1.50244676249	0.903	0.255	1.38492e-12		1.49007922573	0.905	0.203	2.07806e-12
400   	500   	189.981		1.50288133361	0.903	0.257	1.37521e-12		1.49046887884	0.905	0.204	2.06244e-12
400   	500   	190.233		1.50331633529	0.902	0.258	1.3656e-12		1.49085895812	0.905	0.205	2.04698e-12
400   	500   	190.485		1.50375176705	0.902	0.259	1.35608e-12		1.49124946511	0.904	0.206	2.03167e-12
400   	500   	190.736		1.50418762829	0.902	0.26	1.34666e-12		1.49164040125	0.904	0.207	2.01651e-12
400   	500   	190.988		1.50462391839	0.902	0.261	1.33733e-12		1.49203176793	0.904	0.208	2.00149e-12
400   	500   	191.24		1.50506063662	0.901	0.262	1.3281e-12		1.49242356649	0.904	0.209	1.98663e-12
400   	500   	191.491		1.50549778222	0.901	0.263	1.31896e-12		1.49281579816	0.903	0.21	1.97191e-12
400   	500   	191.743		1.50593535435	0.901	0.264	1.30991e-12		1.49320846416	0.903	0.211	1.95733e-12
400   	500   	191.995		1.50637335209	0.901	0.265	1.30095e-12		1.49360156559	0.903	0.212	1.9429e-12
400   	500   	192.246		1.50681177448	0.901	0.266	1.29209e-12		1.49399510353	0.903	0.213	1.92861e-12
400   	500   	192.498		1.50725062049	0.9	0.267	1.28331e-12		1.49438907897	0.902	0.213	1.91446e-12
400   	500   	192.75		1.507689889 	0.9	0.269	1.27462e-12		1.49478349283	0.902	0.214	1.90045e-12
400   	500   	193.001		1.50812957886	0.9	0.27	1.26601e-12		1.49517834599	0.902	0.215	1.88658e-12
400   	500   	193.253		1.50856968885	0.9	0.271	1.2575e-12		1.49557363924	0.902	0.216	1.87284e-12
400   	500   	193.505		1.50901021767	0.899	0.272	1.24906e-12		1.49596937332	0.901	0.217	1.85924e-12
400   	500   	193.756		1.50945116399	0.899	0.273	1.24071e-12		1.49636554892	0.901	0.218	1.84577e-12
400   	500   	194.008		1.50989252639	0.899	0.274	1.23245e-12		1.49676216663	0.901	0.219	1.83243e-12
400   	500   	194.26		1.51033430341	0.899	0.275	1.22427e-12		1.49715922702	0.901	0.22	1.81922e-12
400   	500   	194.511		1.51077649353	0.899	0.276	1.21617e-12		1.49755673056	0.9	0.221	1.80615e-12
400   	500   	194.763		1.51121909515	0.898	0.277	1.20815e-12		1.49795467768	0.9	0.222	1.7932e-12
400   	500   	195.015		1.51166210665	0.898	0.279	1.20021e-12		1.49835306874	0.9	0.223	1.78038e-12
400   	500   	195.266		1.51210552633	0.898	0.28	1.19235e-12		1.49875190405	0.9	0.224	1.76768e-12
400   	500   	195.518		1.51254935242	0.898	0.281	1.18456e-12		1.49915118384	0.899	0.225	1.75511e-12
400   	500   	195.77		1.51299358313	0.898	0.282	1.17686e-12		1.49955090829	0.899	0.226	1.74266e-12
400   	500   	196.021		1.5134382166	0.897	0.283	1.16923e-12		1.49995107753	0.899	0.227	1.73033e-12
400   	500   	196.273		1.5138832509	0.897	0.284	1.16167e-12		1.50035169161	0.899	0.228	1.71813e-12
400   	500   	196.525		1.51432868407	0.897	0.285	1.1542e-12		1.50075275053	0.898	0.228	1.70604e-12
400   	500   	196.776		1.51477451409	0.897	0.286	1.14679e-12		1.50115425423	0.898	0.229	1.69407e-12
400   	500   	197.028		1.51522073888	0.896	0.287	1.13946e-12		1.5015562026	0.898	0.23	1.68222e-12
400   	500   	197.28		1.51566735633	0.896	0.289	1.1322e-12		1.50195859546	0.898	0.231	1.67049e-12
400   	500   	197.531		1.51611436425	0.896	0.29	1.12501e-12		1.50236143258	0.897	0.232	1.65887e-12
400   	500   	197.783		1.51656176044	0.896	0.291	1.11789e-12		1.50276471366	0.897	0.233	1.64736e-12
400   	500   	198.035		1.51700954261	0.896	0.292	1.11085e-12		1.50316843836	0.897	0.234	1.63597e-12
400   	500   	198.286		1.51745770846	0.895	0.293	1.10387e-12		1.50357260628	0.897	0.235	1.62468e-12
400   	500   	198.538		1.51790625561	0.895	0.294	1.09696e-12		1.50397721694	0.896	0.236	1.61351e-12
400   	600   	186.206		1.52841386495	0.894	0.335	1.05533e-12		1.50245667092	0.894	0.229	2.05638e-12
400   	600   	186.458		1.52892290723	0.894	0.336	1.04904e-12		1.50288730763	0.893	0.23	2.04179e-12
400   	600   	186.71		1.52943217541	0.894	0.337	1.04281e-12		1.5033183376	0.893	0.231	2.02734e-12
400   	600   	186.961		1.529941666 	0.894	0.339	1.03665e-12		1.50374976091	0.893	0.232	2.01303e-12
400   	600   	187.213		1.53045137547	0.894	0.34	1.03055e-12		1.50418157756	0.893	0.233	1.99886e-12
400   	600   	187.465		1.53096130022	0.894	0.341	1.0245e-12		1.50461378749	0.892	0.234	1.98483e-12
400   	600   	187.716		1.53147143666	0.893	0.342	1.01852e-12		1.50504639057	0.892	0.235	1.97094e-12
400   	600   	187.968		1.53198178111	0.893	0.344	1.01259e-12		1.50547938661	0.892	0.236	1.95718e-12
400   	600   	188.22		1.53249232989	0.893	0.345	1.00673e-12		1.50591277536	0.891	0.236	1.94356e-12
400   	600   	188.471		1.53300307928	0.893	0.346	1.00092e-12		1.50634655648	0.891	0.237	1.93008e-12
400   	600   	188.723		1.53351402551	0.893	0.347	9.95168e-13		1.5067807296	0.891	0.238	1.91672e-12
400   	600   	188.975		1.53402516478	0.893	0.348	9.89472e-13		1.50721529427	0.891	0.239	1.9035e-12
400   	600   	189.226		1.53453649328	0.892	0.35	9.83832e-13		1.50765024999	0.89	0.24	1.89041e-12
400   	600   	189.478		1.53504800715	0.892	0.351	9.78248e-13		1.50808559619	0.89	0.241	1.87744e-12
400   	600   	189.73		1.53555970248	0.892	0.352	9.72717e-13		1.50852133223	0.89	0.242	1.8646e-12
400   	600   	189.981		1.53607157538	0.892	0.353	9.67241e-13		1.50895745743	0.89	0.243	1.85189e-12
400   	600   	190.233		1.53658362189	0.892	0.355	9.61818e-13		1.50939397104	0.889	0.244	1.8393e-12
400   	600   	190.485		1.53709583803	0.892	0.356	9.56447e-13		1.50983087224	0.889	0.245	1.82684e-12
400   	600   	190.736		1.53760821982	0.891	0.357	9.51128e-13		1.51026816018	0.889	0.246	1.81449e-12
400   	600   	190.988		1.53812076322	0.891	0.358	9.45861e-13		1.51070583393	0.889	0.247	1.80227e-12
400   	600   	191.24		1.53863346418	0.891	0.36	9.40644e-13		1.51114389251	0.888	0.248	1.79016e-12
400   	600   	191.491		1.53914631863	0.891	0.361	9.35477e-13		1.51158233487	0.888	0.249	1.77818e-12
400   	600   	191.743		1.53965932248	0.891	0.362	9.30361e-13		1.51202115994	0.888	0.25	1.76631e-12
400   	600   	191.995		1.5401724716	0.891	0.363	9.25293e-13		1.51246036655	0.888	0.251	1.75455e-12
400   	600   	192.246		1.54068576186	0.891	0.365	9.20274e-13		1.51289995352	0.887	0.252	1.74291e-12
400   	600   	192.498		1.5411991891	0.89	0.366	9.15303e-13		1.51333991957	0.887	0.253	1.73139e-12
400   	600   	192.75		1.54171274914	0.89	0.367	9.10379e-13		1.5137802634	0.887	0.254	1.71997e-12
400   	600   	193.001		1.54222643779	0.89	0.368	9.05502e-13		1.51422098365	0.887	0.255	1.70867e-12
400   	600   	193.253		1.54274025083	0.89	0.37	9.00671e-13		1.51466207891	0.886	0.256	1.69747e-12
400   	600   	193.505		1.54325418404	0.89	0.371	8.95887e-13		1.51510354771	0.886	0.257	1.68639e-12
400   	600   	193.756		1.54376823316	0.89	0.372	8.91147e-13		1.51554538853	0.886	0.258	1.67541e-12
400   	600   	194.008		1.54428239395	0.89	0.373	8.86453e-13		1.51598759981	0.886	0.259	1.66453e-12
400   	600   	194.26		1.54479666213	0.889	0.374	8.81802e-13		1.51643017994	0.885	0.26	1.65376e-12
400   	600   	194.511		1.54531103341	0.889	0.376	8.77196e-13		1.51687312724	0.885	0.261	1.6431e-12
400   	600   	194.763		1.54582550349	0.889	0.377	8.72632e-13		1.51731644002	0.885	0.262	1.63254e-12
400   	600   	195.015		1.54634006807	0.889	0.378	8.68112e-13		1.51776011651	0.885	0.263	1.62207e-12
400   	600   	195.266		1.54685472282	0.889	0.379	8.63634e-13		1.51820415491	0.884	0.264	1.61171e-12
400   	600   	195.518		1.54736946342	0.889	0.381	8.59197e-13		1.51864855336	0.884	0.265	1.60145e-12
400   	600   	195.77		1.54788428553	0.889	0.382	8.54802e-13		1.51909330998	0.884	0.266	1.59129e-12
400   	600   	196.021		1.54839918479	0.888	0.383	8.50448e-13		1.51953842282	0.884	0.267	1.58123e-12
400   	600   	196.273		1.54891415687	0.888	0.384	8.46134e-13		1.51998388989	0.883	0.268	1.57126e-12
400   	600   	196.525		1.54942919739	0.888	0.385	8.4186e-13		1.52042970917	0.883	0.269	1.56138e-12
400   	600   	196.776		1.54994430199	0.888	0.387	8.37626e-13		1.5208758786	0.883	0.27	1.5516e-12
400   	600   	197.028		1.5504594663	0.888	0.388	8.33431e-13		1.52132239605	0.883	0.271	1.54192e-12
400   	600   	197.28		1.55097468595	0.888	0.389	8.29274e-13		1.52176925939	0.882	0.272	1.53232e-12
400   	600   	197.531		1.55148995654	0.888	0.39	8.25156e-13		1.5222164664	0.882	0.274	1.52282e-12
400   	600   	197.783		1.55200527371	0.888	0.392	8.21075e-13		1.52266401487	0.882	0.275	1.51341e-12
400   	600   	198.035		1.55252063306	0.887	0.393	8.17032e-13		1.52311190252	0.881	0.276	1.50408e-12
400   	600   	198.286		1.55303603021	0.887	0.394	8.13026e-13		1.52356012704	0.881	0.277	1.49485e-12
400   	600   	198.538		1.55355146077	0.887	0.395	8.09056e-13		1.52400868608	0.881	0.278	1.4857e-12
400   	700   	186.206		1.55781071703	0.892	0.415	8.63332e-13		1.51804584216	0.882	0.258	1.9571e-12
400   	700   	186.458		1.55836454281	0.892	0.416	8.59151e-13		1.51850893367	0.882	0.259	1.94436e-12
400   	700   	186.71		1.55891825006	0.892	0.418	8.55008e-13		1.51897233529	0.881	0.26	1.93173e-12
400   	700   	186.961		1.55947183428	0.892	0.419	8.50904e-13		1.51943604547	0.881	0.261	1.91923e-12
400   	700   	187.213		1.56002529096	0.892	0.42	8.46838e-13		1.51990006259	0.881	0.263	1.90685e-12
400   	700   	187.465		1.5605786156	0.892	0.421	8.42809e-13		1.520364385 	0.881	0.264	1.89458e-12
400   	700   	187.716		1.56113180369	0.892	0.423	8.38817e-13		1.52082901098	0.88	0.265	1.88244e-12
400   	700   	187.968		1.56168485073	0.891	0.424	8.34862e-13		1.52129393878	0.88	0.266	1.87041e-12
400   	700   	188.22		1.56223775225	0.891	0.425	8.30942e-13		1.52175916659	0.88	0.267	1.8585e-12
400   	700   	188.471		1.56279050377	0.891	0.427	8.27059e-13		1.52222469255	0.88	0.268	1.8467e-12
400   	700   	188.723		1.56334310079	0.891	0.428	8.2321e-13		1.52269051477	0.879	0.269	1.83501e-12
400   	700   	188.975		1.56389553888	0.891	0.429	8.19397e-13		1.52315663129	0.879	0.27	1.82343e-12
400   	700   	189.226		1.56444781356	0.891	0.43	8.15618e-13		1.52362304013	0.879	0.271	1.81197e-12
400   	700   	189.478		1.56499992039	0.891	0.432	8.11873e-13		1.52408973925	0.878	0.272	1.80061e-12
400   	700   	189.73		1.56555185494	0.891	0.433	8.08162e-13		1.52455672657	0.878	0.273	1.78937e-12
400   	700   	189.981		1.56610361278	0.891	0.434	8.04484e-13		1.52502399996	0.878	0.274	1.77822e-12
400   	700   	190.233		1.5666551895	0.891	0.435	8.00839e-13		1.52549155727	0.878	0.275	1.76719e-12
400   	700   	190.485		1.5672065807	0.891	0.437	7.97227e-13		1.52595939628	0.877	0.276	1.75626e-12
400   	700   	190.736		1.567757782 	0.891	0.438	7.93647e-13		1.52642751475	0.877	0.277	1.74543e-12
400   	700   	190.988		1.568308789 	0.891	0.439	7.90099e-13		1.52689591039	0.877	0.278	1.73471e-12
400   	700   	191.24		1.56885959737	0.891	0.44	7.86582e-13		1.52736458087	0.877	0.279	1.72409e-12
400   	700   	191.491		1.56941020274	0.89	0.441	7.83097e-13		1.52783352384	0.876	0.28	1.71356e-12
400   	700   	191.743		1.56996060078	0.89	0.443	7.79642e-13		1.52830273689	0.876	0.281	1.70314e-12
400   	700   	191.995		1.57051078719	0.89	0.444	7.76218e-13		1.52877221757	0.876	0.282	1.69281e-12
400   	700   	192.246		1.57106075765	0.89	0.445	7.72824e-13		1.52924196342	0.876	0.283	1.68258e-12
400   	700   	192.498		1.57161050789	0.89	0.446	7.6946e-13		1.52971197193	0.875	0.284	1.67245e-12
400   	700   	192.75		1.57216003364	0.89	0.448	7.66125e-13		1.53018224054	0.875	0.285	1.66241e-12
400   	700   	193.001		1.57270933064	0.89	0.449	7.62819e-13		1.53065276669	0.875	0.286	1.65247e-12
400   	700   	193.253		1.57325839466	0.89	0.45	7.59542e-13		1.53112354775	0.875	0.287	1.64262e-12
400   	700   	193.505		1.57380722149	0.89	0.451	7.56293e-13		1.53159458108	0.874	0.288	1.63286e-12
400   	700   	193.756		1.57435580692	0.89	0.453	7.53073e-13		1.53206586401	0.874	0.289	1.62319e-12
400   	700   	194.008		1.5749041468	0.89	0.454	7.49881e-13		1.53253739383	0.874	0.29	1.61361e-12
400   	700   	194.26		1.57545223694	0.89	0.455	7.46716e-13		1.53300916779	0.874	0.291	1.60412e-12
400   	700   	194.511		1.57600007322	0.89	0.456	7.43578e-13		1.53348118313	0.873	0.292	1.59472e-12
400   	700   	194.763		1.57654765152	0.89	0.457	7.40467e-13		1.53395343705	0.873	0.293	1.58541e-12
400   	700   	195.015		1.57709496773	0.89	0.459	7.37383e-13		1.53442592673	0.873	0.294	1.57618e-12
400   	700   	195.266		1.57764201778	0.89	0.46	7.34325e-13		1.5348986493	0.873	0.295	1.56704e-12
400   	700   	195.518		1.57818879762	0.89	0.461	7.31293e-13		1.5353716019	0.873	0.296	1.55798e-12
400   	700   	195.77		1.5787353032	0.889	0.462	7.28287e-13		1.53584478162	0.872	0.297	1.549e-12
400   	700   	196.021		1.57928153052	0.889	0.463	7.25306e-13		1.53631818551	0.872	0.298	1.54011e-12
400   	700   	196.273		1.57982747558	0.889	0.465	7.22351e-13		1.53679181063	0.872	0.299	1.5313e-12
400   	700   	196.525		1.58037313442	0.889	0.466	7.1942e-13		1.53726565399	0.872	0.3	1.52257e-12
400   	700   	196.776		1.58091850308	0.889	0.467	7.16514e-13		1.53773971258	0.871	0.301	1.51391e-12
400   	700   	197.028		1.58146357764	0.889	0.468	7.13633e-13		1.53821398339	0.871	0.303	1.50534e-12
400   	700   	197.28		1.58200835421	0.889	0.469	7.10775e-13		1.53868846335	0.871	0.304	1.49685e-12
400   	700   	197.531		1.5825528289	0.889	0.471	7.07942e-13		1.53916314939	0.871	0.305	1.48843e-12
400   	700   	197.783		1.58309699786	0.889	0.472	7.05132e-13		1.53963803843	0.87	0.306	1.48009e-12
400   	700   	198.035		1.58364085727	0.889	0.473	7.02345e-13		1.54011312734	0.87	0.307	1.47183e-12
400   	700   	198.286		1.58418440331	0.889	0.474	6.99582e-13		1.540588413 	0.87	0.308	1.46364e-12
400   	700   	198.538		1.5847276322	0.889	0.475	6.96841e-13		1.54106389225	0.87	0.309	1.45552e-12
400   	800   	186.206		1.58315677723	0.896	0.478	7.79344e-13		1.53144367411	0.873	0.281	1.93764e-12
400   	800   	186.458		1.58372806329	0.896	0.479	7.76193e-13		1.53192777987	0.872	0.283	1.92592e-12
400   	800   	186.71		1.58429892749	0.896	0.481	7.7307e-13		1.53241208916	0.872	0.284	1.91432e-12
400   	800   	186.961		1.58486936613	0.896	0.482	7.69974e-13		1.53289659958	0.872	0.285	1.90283e-12
400   	800   	187.213		1.58543937555	0.896	0.483	7.66903e-13		1.53338130871	0.872	0.286	1.89144e-12
400   	800   	187.465		1.58600895207	0.896	0.484	7.63859e-13		1.53386621405	0.871	0.287	1.88016e-12
400   	800   	187.716		1.5865780921	0.896	0.486	7.6084e-13		1.53435131311	0.871	0.288	1.86899e-12
400   	800   	187.968		1.58714679202	0.896	0.487	7.57847e-13		1.53483660334	0.871	0.289	1.85792e-12
400   	800   	188.22		1.58771504826	0.896	0.488	7.54879e-13		1.53532208218	0.871	0.29	1.84695e-12
400   	800   	188.471		1.58828285728	0.896	0.489	7.51936e-13		1.53580774702	0.871	0.291	1.83608e-12
400   	800   	188.723		1.58885021557	0.896	0.49	7.49017e-13		1.53629359522	0.87	0.292	1.82531e-12
400   	800   	188.975		1.58941711962	0.896	0.492	7.46123e-13		1.53677962414	0.87	0.293	1.81464e-12
400   	800   	189.226		1.58998356598	0.896	0.493	7.43253e-13		1.53726583106	0.87	0.294	1.80407e-12
400   	800   	189.478		1.5905495512	0.896	0.494	7.40407e-13		1.53775221328	0.87	0.295	1.7936e-12
400   	800   	189.73		1.59111507187	0.896	0.495	7.37584e-13		1.53823876805	0.869	0.296	1.78322e-12
400   	800   	189.981		1.59168012462	0.896	0.496	7.34784e-13		1.53872549258	0.869	0.297	1.77294e-12
400   	800   	190.233		1.59224470608	0.896	0.498	7.32008e-13		1.53921238409	0.869	0.298	1.76275e-12
400   	800   	190.485		1.59280881294	0.896	0.499	7.29254e-13		1.53969943974	0.869	0.299	1.75266e-12
400   	800   	190.736		1.59337244188	0.896	0.5	7.26523e-13		1.54018665668	0.868	0.3	1.74265e-12
400   	800   	190.988		1.59393558964	0.896	0.501	7.23814e-13		1.54067403204	0.868	0.301	1.73274e-12
400   	800   	191.24		1.59449825298	0.896	0.502	7.21127e-13		1.54116156292	0.868	0.302	1.72292e-12
400   	800   	191.491		1.59506042868	0.896	0.503	7.18463e-13		1.5416492464	0.868	0.303	1.71318e-12
400   	800   	191.743		1.59562211355	0.896	0.505	7.15819e-13		1.54213707952	0.867	0.304	1.70354e-12
400   	800   	191.995		1.59618330444	0.896	0.506	7.13197e-13		1.54262505934	0.867	0.305	1.69398e-12
400   	800   	192.246		1.59674399822	0.896	0.507	7.10596e-13		1.54311318286	0.867	0.306	1.68451e-12
400   	800   	192.498		1.59730419179	0.896	0.508	7.08016e-13		1.54360144708	0.867	0.307	1.67512e-12
400   	800   	192.75		1.59786388208	0.896	0.509	7.05457e-13		1.54408984897	0.866	0.308	1.66582e-12
400   	800   	193.001		1.59842306605	0.896	0.51	7.02918e-13		1.54457838548	0.866	0.309	1.6566e-12
400   	800   	193.253		1.59898174068	0.896	0.512	7.004e-13		1.54506705357	0.866	0.31	1.64747e-12
400   	800   	193.505		1.59953990299	0.896	0.513	6.97901e-13		1.54555585013	0.866	0.311	1.63841e-12
400   	800   	193.756		1.60009755003	0.896	0.514	6.95422e-13		1.54604477208	0.866	0.312	1.62944e-12
400   	800   	194.008		1.60065467887	0.896	0.515	6.92963e-13		1.54653381631	0.865	0.313	1.62054e-12
400   	800   	194.26		1.60121128661	0.896	0.516	6.90524e-13		1.54702297968	0.865	0.314	1.61173e-12
400   	800   	194.511		1.6017673704	0.896	0.517	6.88103e-13		1.54751225906	0.865	0.315	1.60299e-12
400   	800   	194.763		1.60232292739	0.896	0.518	6.85701e-13		1.54800165128	0.865	0.316	1.59434e-12
400   	800   	195.015		1.60287795477	0.896	0.52	6.83319e-13		1.54849115316	0.864	0.317	1.58575e-12
400   	800   	195.266		1.60343244977	0.896	0.521	6.80955e-13		1.54898076153	0.864	0.318	1.57725e-12
400   	800   	195.518		1.60398640963	0.896	0.522	6.78609e-13		1.54947047319	0.864	0.32	1.56882e-12
400   	800   	195.77		1.60453983164	0.896	0.523	6.76281e-13		1.54996028491	0.864	0.321	1.56046e-12
400   	800   	196.021		1.60509271311	0.896	0.524	6.73972e-13		1.55045019349	0.863	0.322	1.55218e-12
400   	800   	196.273		1.60564505138	0.896	0.525	6.7168e-13		1.55094019569	0.863	0.323	1.54396e-12
400   	800   	196.525		1.60619684381	0.896	0.526	6.69406e-13		1.55143028826	0.863	0.324	1.53583e-12
400   	800   	196.776		1.6067480878	0.896	0.527	6.6715e-13		1.55192046794	0.863	0.325	1.52776e-12
400   	800   	197.028		1.60729878078	0.896	0.529	6.6491e-13		1.55241073148	0.863	0.326	1.51976e-12
400   	800   	197.28		1.60784892021	0.896	0.53	6.62688e-13		1.5529010756	0.862	0.327	1.51183e-12
400   	800   	197.531		1.60839850357	0.896	0.531	6.60483e-13		1.55339149702	0.862	0.328	1.50397e-12
400   	800   	197.783		1.60894752837	0.896	0.532	6.58294e-13		1.55388199246	0.862	0.329	1.49618e-12
400   	800   	198.035		1.60949599217	0.896	0.533	6.56122e-13		1.5543725586	0.862	0.33	1.48846e-12
400   	800   	198.286		1.61004389253	0.896	0.534	6.53967e-13		1.55486319216	0.862	0.331	1.4808e-12
400   	800   	198.538		1.61059122706	0.896	0.535	6.51828e-13		1.55535388981	0.861	0.332	1.47321e-12
400   	1000  	186.206		1.62185299591	0.911	0.563	7.33979e-13		1.55256429339	0.86	0.313	2.01388e-12
400   	1000  	186.458		1.62241823663	0.911	0.564	7.3172e-13		1.55306843744	0.86	0.314	2.00301e-12
400   	1000  	186.71		1.62298270071	0.911	0.565	7.29478e-13		1.55357259458	0.86	0.315	1.99224e-12
400   	1000  	186.961		1.62354638696	0.911	0.566	7.27253e-13		1.55407676205	0.859	0.316	1.98156e-12
400   	1000  	187.213		1.62410929424	0.911	0.567	7.25044e-13		1.55458093709	0.859	0.317	1.97097e-12
400   	1000  	187.465		1.62467142141	0.911	0.568	7.22852e-13		1.55508511691	0.859	0.318	1.96047e-12
400   	1000  	187.716		1.62523276738	0.911	0.569	7.20675e-13		1.55558929872	0.859	0.319	1.95007e-12
400   	1000  	187.968		1.62579333107	0.911	0.57	7.18514e-13		1.55609347972	0.859	0.32	1.93975e-12
400   	1000  	188.22		1.62635311143	0.911	0.571	7.16369e-13		1.55659765708	0.858	0.321	1.92952e-12
400   	1000  	188.471		1.62691210743	0.911	0.572	7.1424e-13		1.55710182798	0.858	0.322	1.91938e-12
400   	1000  	188.723		1.62747031807	0.911	0.573	7.12126e-13		1.55760598959	0.858	0.323	1.90933e-12
400   	1000  	188.975		1.62802774239	0.911	0.574	7.10028e-13		1.55811013904	0.858	0.324	1.89936e-12
400   	1000  	189.226		1.62858437943	0.911	0.575	7.07944e-13		1.55861427349	0.858	0.325	1.88948e-12
400   	1000  	189.478		1.62914022827	0.911	0.576	7.05875e-13		1.55911839007	0.857	0.326	1.87969e-12
400   	1000  	189.73		1.62969528802	0.911	0.577	7.03822e-13		1.55962248589	0.857	0.327	1.86998e-12
400   	1000  	189.981		1.6302495578	0.912	0.578	7.01783e-13		1.56012655808	0.857	0.328	1.86035e-12
400   	1000  	190.233		1.63080303676	0.912	0.579	6.99758e-13		1.56063060374	0.857	0.329	1.8508e-12
400   	1000  	190.485		1.63135572407	0.912	0.58	6.97748e-13		1.56113461998	0.856	0.33	1.84133e-12
400   	1000  	190.736		1.63190761895	0.912	0.581	6.95752e-13		1.56163860389	0.856	0.331	1.83194e-12
400   	1000  	190.988		1.63245872061	0.912	0.582	6.93771e-13		1.56214255255	0.856	0.332	1.82263e-12
400   	1000  	191.24		1.6330090283	0.912	0.583	6.91803e-13		1.56264646306	0.856	0.333	1.81341e-12
400   	1000  	191.491		1.6335585413	0.912	0.584	6.89849e-13		1.56315033249	0.856	0.334	1.80425e-12
400   	1000  	191.743		1.63410725891	0.912	0.585	6.87909e-13		1.56365415792	0.855	0.335	1.79518e-12
400   	1000  	191.995		1.63465518043	0.912	0.586	6.85982e-13		1.5641579364	0.855	0.336	1.78618e-12
400   	1000  	192.246		1.63520230523	0.912	0.588	6.84069e-13		1.56466166502	0.855	0.337	1.77726e-12
400   	1000  	192.498		1.63574863266	0.912	0.589	6.82169e-13		1.56516534082	0.855	0.338	1.76841e-12
400   	1000  	192.75		1.63629416211	0.912	0.59	6.80282e-13		1.56566896087	0.855	0.339	1.75963e-12
400   	1000  	193.001		1.63683889301	0.912	0.591	6.78409e-13		1.56617252223	0.854	0.34	1.75093e-12
400   	1000  	193.253		1.63738282478	0.913	0.592	6.76548e-13		1.56667602195	0.854	0.341	1.7423e-12
400   	1000  	193.505		1.63792595688	0.913	0.593	6.747e-13		1.56717945707	0.854	0.342	1.73374e-12
400   	1000  	193.756		1.6384682888	0.913	0.593	6.72865e-13		1.56768282466	0.854	0.343	1.72526e-12
400   	1000  	194.008		1.63900982004	0.913	0.594	6.71042e-13		1.56818612176	0.854	0.344	1.71684e-12
400   	1000  	194.26		1.63955055012	0.913	0.595	6.69232e-13		1.56868934543	0.853	0.345	1.70849e-12
400   	1000  	194.511		1.6400904786	0.913	0.596	6.67434e-13		1.5691924927	0.853	0.346	1.70021e-12
400   	1000  	194.763		1.64062960504	0.913	0.597	6.65649e-13		1.56969556064	0.853	0.347	1.692e-12
400   	1000  	195.015		1.64116792904	0.913	0.598	6.63875e-13		1.57019854628	0.853	0.348	1.68385e-12
400   	1000  	195.266		1.6417054502	0.913	0.599	6.62114e-13		1.57070144669	0.853	0.349	1.67578e-12
400   	1000  	195.518		1.64224216816	0.913	0.6	6.60364e-13		1.5712042589	0.852	0.35	1.66776e-12
400   	1000  	195.77		1.64277808259	0.913	0.601	6.58626e-13		1.57170697999	0.852	0.351	1.65982e-12
400   	1000  	196.021		1.64331319314	0.913	0.602	6.569e-13		1.572209607 	0.852	0.352	1.65193e-12
400   	1000  	196.273		1.64384749953	0.913	0.603	6.55185e-13		1.57271213698	0.852	0.353	1.64412e-12
400   	1000  	196.525		1.64438100147	0.914	0.604	6.53482e-13		1.57321456701	0.852	0.354	1.63636e-12
400   	1000  	196.776		1.64491369869	0.914	0.605	6.5179e-13		1.57371689414	0.852	0.355	1.62867e-12
400   	1000  	197.028		1.64544559096	0.914	0.606	6.5011e-13		1.57421911544	0.851	0.356	1.62104e-12
400   	1000  	197.28		1.64597667805	0.914	0.607	6.4844e-13		1.57472122798	0.851	0.357	1.61347e-12
400   	1000  	197.531		1.64650695977	0.914	0.608	6.46782e-13		1.57522322883	0.851	0.358	1.60596e-12
400   	1000  	197.783		1.64703643593	0.914	0.609	6.45134e-13		1.57572511508	0.851	0.359	1.59851e-12
400   	1000  	198.035		1.64756510636	0.914	0.61	6.43497e-13		1.5762268838	0.851	0.36	1.59112e-12
400   	1000  	198.286		1.64809297094	0.914	0.611	6.41871e-13		1.57672853208	0.85	0.361	1.58379e-12
400   	1000  	198.538		1.64862002953	0.914	0.612	6.40256e-13		1.57723005702	0.85	0.362	1.57652e-12
400   	1200  	186.206		1.64824836808	0.926	0.611	7.51485e-13		1.56789214665	0.852	0.332	2.16168e-12
400   	1200  	186.458		1.64879020884	0.926	0.612	7.49562e-13		1.56840093426	0.852	0.333	2.15086e-12
400   	1200  	186.71		1.64933114151	0.926	0.613	7.47651e-13		1.56890960588	0.852	0.334	2.14013e-12
400   	1200  	186.961		1.6498711666	0.926	0.614	7.45753e-13		1.56941815902	0.852	0.335	2.12949e-12
400   	1200  	187.213		1.65041028461	0.926	0.615	7.43867e-13		1.56992659124	0.851	0.336	2.11894e-12
400   	1200  	187.465		1.65094849608	0.926	0.616	7.41994e-13		1.57043490006	0.851	0.337	2.10847e-12
400   	1200  	187.716		1.65148580153	0.927	0.616	7.40134e-13		1.57094308299	0.851	0.338	2.09809e-12
400   	1200  	187.968		1.65202220154	0.927	0.617	7.38285e-13		1.57145113757	0.851	0.339	2.08779e-12
400   	1200  	188.22		1.65255769668	0.927	0.618	7.36449e-13		1.5719590613	0.851	0.34	2.07758e-12
400   	1200  	188.471		1.65309228753	0.927	0.619	7.34625e-13		1.57246685171	0.851	0.341	2.06745e-12
400   	1200  	188.723		1.65362597469	0.927	0.62	7.32813e-13		1.57297450629	0.85	0.342	2.0574e-12
400   	1200  	188.975		1.65415875878	0.927	0.621	7.31013e-13		1.57348202257	0.85	0.343	2.04743e-12
400   	1200  	189.226		1.65469064043	0.927	0.622	7.29224e-13		1.57398939804	0.85	0.344	2.03755e-12
400   	1200  	189.478		1.65522162029	0.927	0.623	7.27447e-13		1.57449663021	0.85	0.345	2.02774e-12
400   	1200  	189.73		1.65575169901	0.927	0.624	7.25681e-13		1.57500371658	0.85	0.346	2.01801e-12
400   	1200  	189.981		1.65628087727	0.927	0.625	7.23927e-13		1.57551065465	0.849	0.347	2.00836e-12
400   	1200  	190.233		1.65680915575	0.927	0.626	7.22184e-13		1.57601744193	0.849	0.348	1.99879e-12
400   	1200  	190.485		1.65733653516	0.928	0.627	7.20452e-13		1.57652407591	0.849	0.349	1.98929e-12
400   	1200  	190.736		1.6578630162	0.928	0.627	7.18732e-13		1.5770305541	0.849	0.35	1.97988e-12
400   	1200  	190.988		1.6583885996	0.928	0.628	7.17022e-13		1.577536874 	0.849	0.351	1.97053e-12
400   	1200  	191.24		1.65891328611	0.928	0.629	7.15324e-13		1.5780430331	0.848	0.352	1.96126e-12
400   	1200  	191.491		1.65943707647	0.928	0.63	7.13636e-13		1.57854902892	0.848	0.353	1.95206e-12
400   	1200  	191.743		1.65995997146	0.928	0.631	7.11959e-13		1.57905485896	0.848	0.354	1.94294e-12
400   	1200  	191.995		1.66048197184	0.928	0.632	7.10292e-13		1.57956052071	0.848	0.355	1.93389e-12
400   	1200  	192.246		1.66100307841	0.928	0.633	7.08636e-13		1.58006601169	0.848	0.356	1.92491e-12
400   	1200  	192.498		1.66152329198	0.928	0.634	7.0699e-13		1.58057132941	0.848	0.357	1.916e-12
400   	1200  	192.75		1.66204261335	0.928	0.635	7.05355e-13		1.58107647138	0.847	0.358	1.90716e-12
400   	1200  	193.001		1.66256104336	0.928	0.635	7.0373e-13		1.58158143512	0.847	0.359	1.89839e-12
400   	1200  	193.253		1.66307858284	0.929	0.636	7.02115e-13		1.58208621813	0.847	0.36	1.88969e-12
400   	1200  	193.505		1.66359523265	0.929	0.637	7.0051e-13		1.58259081795	0.847	0.361	1.88105e-12
400   	1200  	193.756		1.66411099364	0.929	0.638	6.98915e-13		1.58309523209	0.847	0.362	1.87249e-12
400   	1200  	194.008		1.6646258667	0.929	0.639	6.9733e-13		1.58359945808	0.847	0.363	1.86399e-12
400   	1200  	194.26		1.66513985271	0.929	0.64	6.95755e-13		1.58410349346	0.846	0.364	1.85556e-12
400   	1200  	194.511		1.66565295257	0.929	0.641	6.94189e-13		1.58460733576	0.846	0.365	1.84719e-12
400   	1200  	194.763		1.66616516718	0.929	0.642	6.92634e-13		1.58511098253	0.846	0.366	1.83888e-12
400   	1200  	195.015		1.66667649746	0.929	0.642	6.91087e-13		1.5856144313	0.846	0.367	1.83065e-12
400   	1200  	195.266		1.66718694434	0.929	0.643	6.8955e-13		1.58611767963	0.846	0.368	1.82247e-12
400   	1200  	195.518		1.66769650877	0.929	0.644	6.88023e-13		1.58662072507	0.846	0.369	1.81436e-12
400   	1200  	195.77		1.66820519169	0.93	0.645	6.86505e-13		1.58712356519	0.845	0.37	1.80631e-12
400   	1200  	196.021		1.66871299406	0.93	0.646	6.84996e-13		1.58762619755	0.845	0.371	1.79832e-12
400   	1200  	196.273		1.66921991687	0.93	0.647	6.83496e-13		1.58812861972	0.845	0.372	1.79039e-12
400   	1200  	196.525		1.66972596108	0.93	0.647	6.82005e-13		1.58863082928	0.845	0.373	1.78252e-12
400   	1200  	196.776		1.67023112769	0.93	0.648	6.80524e-13		1.58913282382	0.845	0.374	1.77472e-12
400   	1200  	197.028		1.67073541771	0.93	0.649	6.79051e-13		1.58963460093	0.845	0.375	1.76697e-12
400   	1200  	197.28		1.67123883213	0.93	0.65	6.77587e-13		1.59013615821	0.844	0.376	1.75928e-12
400   	1200  	197.531		1.671741372 	0.93	0.651	6.76132e-13		1.59063749326	0.844	0.377	1.75165e-12
400   	1200  	197.783		1.67224303833	0.93	0.652	6.74685e-13		1.59113860369	0.844	0.377	1.74408e-12
400   	1200  	198.035		1.67274383216	0.93	0.652	6.73247e-13		1.59163948713	0.844	0.378	1.73656e-12
400   	1200  	198.286		1.67324375454	0.931	0.653	6.71818e-13		1.59214014119	0.844	0.379	1.7291e-12
400   	1200  	198.538		1.67374280654	0.931	0.654	6.70397e-13		1.59264056352	0.844	0.38	1.7217e-12
400   	1400  	186.206		1.66655636521	0.939	0.639	7.93689e-13		1.57919150321	0.847	0.344	2.34193e-12
400   	1400  	186.458		1.66707405113	0.939	0.64	7.91901e-13		1.57969845855	0.847	0.345	2.3308e-12
400   	1400  	186.71		1.66759079595	0.939	0.641	7.90124e-13		1.58020521827	0.847	0.346	2.31976e-12
400   	1400  	186.961		1.66810660105	0.939	0.642	7.88359e-13		1.58071178029	0.847	0.347	2.3088e-12
400   	1400  	187.213		1.66862146781	0.939	0.643	7.86604e-13		1.58121814252	0.846	0.348	2.29793e-12
400   	1400  	187.465		1.66913539764	0.939	0.644	7.8486e-13		1.58172430287	0.846	0.349	2.28715e-12
400   	1400  	187.716		1.66964839192	0.939	0.645	7.83127e-13		1.58223025925	0.846	0.35	2.27645e-12
400   	1400  	187.968		1.67016045208	0.94	0.645	7.81405e-13		1.58273600957	0.846	0.351	2.26583e-12
400   	1400  	188.22		1.67067157952	0.94	0.646	7.79693e-13		1.58324155173	0.846	0.352	2.2553e-12
400   	1400  	188.471		1.67118177566	0.94	0.647	7.77991e-13		1.58374688365	0.846	0.353	2.24485e-12
400   	1400  	188.723		1.67169104194	0.94	0.648	7.763e-13		1.58425200322	0.845	0.354	2.23448e-12
400   	1400  	188.975		1.67219937978	0.94	0.649	7.74619e-13		1.58475690836	0.845	0.355	2.22418e-12
400   	1400  	189.226		1.67270679062	0.94	0.65	7.72949e-13		1.58526159696	0.845	0.356	2.21397e-12
400   	1400  	189.478		1.67321327591	0.94	0.65	7.71288e-13		1.58576606694	0.845	0.357	2.20384e-12
400   	1400  	189.73		1.67371883711	0.94	0.651	7.69638e-13		1.5862703162	0.845	0.358	2.19379e-12
400   	1400  	189.981		1.67422347566	0.94	0.652	7.67997e-13		1.58677434265	0.845	0.359	2.18381e-12
400   	1400  	190.233		1.67472719303	0.94	0.653	7.66366e-13		1.5872781442	0.844	0.36	2.17391e-12
400   	1400  	190.485		1.67522999069	0.941	0.654	7.64745e-13		1.58778171876	0.844	0.361	2.16409e-12
400   	1400  	190.736		1.67573187012	0.941	0.655	7.63134e-13		1.58828506423	0.844	0.362	2.15434e-12
400   	1400  	190.988		1.67623283278	0.941	0.655	7.61532e-13		1.58878817855	0.844	0.363	2.14466e-12
400   	1400  	191.24		1.67673288018	0.941	0.656	7.5994e-13		1.58929105961	0.844	0.364	2.13506e-12
400   	1400  	191.491		1.67723201379	0.941	0.657	7.58357e-13		1.58979370534	0.844	0.365	2.12554e-12
400   	1400  	191.743		1.67773023512	0.941	0.658	7.56783e-13		1.59029611367	0.843	0.366	2.11608e-12
400   	1400  	191.995		1.67822754566	0.941	0.659	7.55219e-13		1.5907982825	0.843	0.367	2.1067e-12
400   	1400  	192.246		1.67872394692	0.941	0.659	7.53664e-13		1.59130020978	0.843	0.368	2.09738e-12
400   	1400  	192.498		1.6792194404	0.941	0.66	7.52119e-13		1.59180189344	0.843	0.369	2.08814e-12
400   	1400  	192.75		1.67971402763	0.941	0.661	7.50582e-13		1.59230333139	0.843	0.37	2.07897e-12
400   	1400  	193.001		1.68020771013	0.942	0.662	7.49054e-13		1.5928045216	0.843	0.371	2.06986e-12
400   	1400  	193.253		1.68070048941	0.942	0.663	7.47535e-13		1.59330546199	0.842	0.371	2.06083e-12
400   	1400  	193.505		1.68119236701	0.942	0.663	7.46025e-13		1.59380615051	0.842	0.372	2.05186e-12
400   	1400  	193.756		1.68168334445	0.942	0.664	7.44524e-13		1.59430658511	0.842	0.373	2.04296e-12
400   	1400  	194.008		1.68217342328	0.942	0.665	7.43031e-13		1.59480676375	0.842	0.374	2.03413e-12
400   	1400  	194.26		1.68266260504	0.942	0.666	7.41547e-13		1.59530668438	0.842	0.375	2.02536e-12
400   	1400  	194.511		1.68315089128	0.942	0.667	7.40072e-13		1.59580634498	0.842	0.376	2.01665e-12
400   	1400  	194.763		1.68363828353	0.942	0.667	7.38605e-13		1.59630574351	0.842	0.377	2.00802e-12
400   	1400  	195.015		1.68412478337	0.942	0.668	7.37146e-13		1.59680487794	0.841	0.378	1.99944e-12
400   	1400  	195.266		1.68461039234	0.942	0.669	7.35696e-13		1.59730374626	0.841	0.379	1.99093e-12
400   	1400  	195.518		1.685095112 	0.942	0.67	7.34254e-13		1.59780234645	0.841	0.38	1.98248e-12
400   	1400  	195.77		1.68557894392	0.943	0.67	7.3282e-13		1.5983006765	0.841	0.381	1.97409e-12
400   	1400  	196.021		1.68606188968	0.943	0.671	7.31394e-13		1.59879873441	0.841	0.382	1.96577e-12
400   	1400  	196.273		1.68654395083	0.943	0.672	7.29977e-13		1.59929651819	0.841	0.383	1.95751e-12
400   	1400  	196.525		1.68702512896	0.943	0.673	7.28567e-13		1.59979402585	0.84	0.384	1.9493e-12
400   	1400  	196.776		1.68750542565	0.943	0.673	7.27166e-13		1.60029125539	0.84	0.385	1.94116e-12
400   	1400  	197.028		1.68798484248	0.943	0.674	7.25772e-13		1.60078820485	0.84	0.386	1.93308e-12
400   	1400  	197.28		1.68846338102	0.943	0.675	7.24386e-13		1.60128487226	0.84	0.387	1.92505e-12
400   	1400  	197.531		1.68894104288	0.943	0.676	7.23008e-13		1.60178125565	0.84	0.388	1.91708e-12
400   	1400  	197.783		1.68941782965	0.943	0.676	7.21637e-13		1.60227735307	0.84	0.389	1.90918e-12
400   	1400  	198.035		1.68989374291	0.943	0.677	7.20275e-13		1.60277316256	0.84	0.39	1.90132e-12
400   	1400  	198.286		1.69036878426	0.944	0.678	7.18919e-13		1.60326868219	0.84	0.391	1.89353e-12
400   	1400  	198.538		1.69084295531	0.944	0.679	7.17572e-13		1.60376391002	0.839	0.392	1.88579e-12
