Effective Refractive Indices:
rel_box_size:     0.001
rel_grid_spacing: 20
rel_tolerance:    0
eigenvectors:     4
boundary cond:    0000
Wavelengths from 1.55 um to 1.55 um in 1 steps
Heights from 0.599 um to 0.601 um in 3 steps
Widths from 1 um to 1.4 um in 3 steps
height	width	frequency	Ex_n_eff		Ex_frac	Ex_core	Ex_A_eff		Ey_n_eff		Ey_frac	Ey_core	Ey_A_eff
599   	1000  	186.206		1.67556324765	0.906	0.698	8.14203e-13		1.63850380993	0.854	0.565	1.18263e-12
599   	1000  	186.458		1.6760998932	0.906	0.698	8.12364e-13		1.63906785109	0.854	0.566	1.17876e-12
599   	1000  	186.71		1.67663539701	0.906	0.699	8.10537e-13		1.63963101851	0.854	0.567	1.17491e-12
599   	1000  	186.961		1.67716976079	0.906	0.7	8.08722e-13		1.64019331111	0.854	0.568	1.17109e-12
599   	1000  	187.213		1.67770298627	0.906	0.701	8.06918e-13		1.64075472783	0.854	0.569	1.1673e-12
599   	1000  	187.465		1.6782350752	0.906	0.702	8.05126e-13		1.64131526767	0.854	0.57	1.16354e-12
599   	1000  	187.716		1.67876602933	0.906	0.703	8.03345e-13		1.64187492962	0.854	0.571	1.1598e-12
599   	1000  	187.968		1.67929585044	0.906	0.704	8.01575e-13		1.64243371272	0.854	0.572	1.15609e-12
599   	1000  	188.22		1.67982454031	0.906	0.705	7.99817e-13		1.64299161603	0.854	0.574	1.15241e-12
599   	1000  	188.471		1.68035210074	0.907	0.706	7.98069e-13		1.64354863866	0.854	0.575	1.14875e-12
599   	1000  	188.723		1.68087853353	0.907	0.706	7.96333e-13		1.64410477971	0.854	0.576	1.14512e-12
599   	1000  	188.975		1.68140384052	0.907	0.707	7.94607e-13		1.64466003835	0.854	0.577	1.14152e-12
599   	1000  	189.226		1.68192802353	0.907	0.708	7.92892e-13		1.64521441374	0.855	0.578	1.13794e-12
599   	1000  	189.478		1.68245108442	0.907	0.709	7.91188e-13		1.64576790509	0.855	0.579	1.13439e-12
599   	1000  	189.73		1.68297302504	0.907	0.71	7.89494e-13		1.64632051164	0.855	0.58	1.13086e-12
599   	1000  	189.981		1.68349384727	0.907	0.711	7.87811e-13		1.64687223264	0.855	0.581	1.12735e-12
599   	1000  	190.233		1.68401355299	0.907	0.712	7.86138e-13		1.64742306738	0.855	0.582	1.12388e-12
599   	1000  	190.485		1.68453214409	0.908	0.712	7.84475e-13		1.64797301518	0.855	0.583	1.12042e-12
599   	1000  	190.736		1.68504962248	0.908	0.713	7.82823e-13		1.64852207537	0.855	0.584	1.11699e-12
599   	1000  	190.988		1.68556599007	0.908	0.714	7.8118e-13		1.64907024732	0.855	0.585	1.11358e-12
599   	1000  	191.24		1.6860812488	0.908	0.715	7.79548e-13		1.64961753043	0.855	0.586	1.1102e-12
599   	1000  	191.491		1.68659540059	0.908	0.716	7.77926e-13		1.65016392411	0.855	0.587	1.10684e-12
599   	1000  	191.743		1.68710844741	0.908	0.717	7.76313e-13		1.65070942781	0.855	0.588	1.1035e-12
599   	1000  	191.995		1.68762039119	0.908	0.717	7.7471e-13		1.651254041 	0.855	0.589	1.10019e-12
599   	1000  	192.246		1.68813123392	0.908	0.718	7.73117e-13		1.65179776318	0.855	0.591	1.0969e-12
599   	1000  	192.498		1.68864097756	0.908	0.719	7.71533e-13		1.65234059386	0.855	0.592	1.09363e-12
599   	1000  	192.75		1.68914962411	0.909	0.72	7.69959e-13		1.65288253259	0.855	0.593	1.09038e-12
599   	1000  	193.001		1.68965717556	0.909	0.721	7.68394e-13		1.65342357896	0.855	0.594	1.08716e-12
599   	1000  	193.253		1.69016363392	0.909	0.722	7.66839e-13		1.65396373254	0.855	0.595	1.08395e-12
599   	1000  	193.505		1.69066900119	0.909	0.722	7.65293e-13		1.65450299297	0.855	0.596	1.08077e-12
599   	1000  	193.756		1.6911732794	0.909	0.723	7.63756e-13		1.65504135988	0.855	0.597	1.07761e-12
599   	1000  	194.008		1.69167647058	0.909	0.724	7.62228e-13		1.65557883295	0.855	0.598	1.07448e-12
599   	1000  	194.26		1.69217857677	0.909	0.725	7.60709e-13		1.65611541187	0.855	0.599	1.07136e-12
599   	1000  	194.511		1.69267960001	0.909	0.726	7.59199e-13		1.65665109635	0.855	0.6	1.06826e-12
599   	1000  	194.763		1.69317954236	0.909	0.726	7.57698e-13		1.65718588614	0.855	0.601	1.06519e-12
599   	1000  	195.015		1.69367840589	0.91	0.727	7.56206e-13		1.657719781 	0.855	0.602	1.06213e-12
599   	1000  	195.266		1.69417619265	0.91	0.728	7.54723e-13		1.65825278071	0.855	0.603	1.0591e-12
599   	1000  	195.518		1.69467290473	0.91	0.729	7.53248e-13		1.65878488509	0.855	0.604	1.05609e-12
599   	1000  	195.77		1.69516854422	0.91	0.729	7.51781e-13		1.65931609397	0.855	0.605	1.05309e-12
599   	1000  	196.021		1.69566311319	0.91	0.73	7.50324e-13		1.65984640719	0.855	0.606	1.05012e-12
599   	1000  	196.273		1.69615661376	0.91	0.731	7.48874e-13		1.66037582465	0.855	0.607	1.04716e-12
599   	1000  	196.525		1.69664904802	0.91	0.732	7.47433e-13		1.66090434622	0.855	0.608	1.04423e-12
599   	1000  	196.776		1.69714041808	0.91	0.733	7.46e-13		1.66143197185	0.855	0.609	1.04131e-12
599   	1000  	197.028		1.69763072607	0.911	0.733	7.44576e-13		1.66195870146	0.855	0.61	1.03841e-12
599   	1000  	197.28		1.6981199741	0.911	0.734	7.43159e-13		1.66248453502	0.855	0.611	1.03553e-12
599   	1000  	197.531		1.69860816431	0.911	0.735	7.41751e-13		1.66300947253	0.855	0.612	1.03267e-12
599   	1000  	197.783		1.69909529882	0.911	0.736	7.40351e-13		1.66353351397	0.855	0.613	1.02983e-12
599   	1000  	198.035		1.69958137979	0.911	0.736	7.38958e-13		1.66405665938	0.856	0.614	1.02701e-12
599   	1000  	198.286		1.70006640934	0.911	0.737	7.37574e-13		1.66457890881	0.856	0.615	1.02421e-12
599   	1000  	198.538		1.70055038965	0.911	0.738	7.36197e-13		1.66510026232	0.856	0.616	1.02142e-12
599   	1200  	186.206		1.70337060603	0.924	0.747	8.48594e-13		1.65727812347	0.85	0.588	1.30879e-12
599   	1200  	186.458		1.70386979481	0.924	0.748	8.4702e-13		1.65782810385	0.851	0.59	1.30482e-12
599   	1200  	186.71		1.70436781015	0.924	0.749	8.45455e-13		1.6583771244	0.851	0.591	1.30086e-12
599   	1200  	186.961		1.70486465497	0.924	0.75	8.43899e-13		1.65892518506	0.851	0.592	1.29694e-12
599   	1200  	187.213		1.70536033222	0.924	0.75	8.42352e-13		1.65947228579	0.851	0.593	1.29304e-12
599   	1200  	187.465		1.7058548448	0.924	0.751	8.40814e-13		1.66001842654	0.851	0.594	1.28918e-12
599   	1200  	187.716		1.70634819565	0.924	0.752	8.39285e-13		1.66056360733	0.851	0.595	1.28533e-12
599   	1200  	187.968		1.70684038771	0.924	0.753	8.37765e-13		1.66110782818	0.851	0.596	1.28151e-12
599   	1200  	188.22		1.70733142388	0.925	0.753	8.36253e-13		1.66165108912	0.851	0.597	1.27772e-12
599   	1200  	188.471		1.70782130712	0.925	0.754	8.3475e-13		1.66219339023	0.851	0.598	1.27396e-12
599   	1200  	188.723		1.70831004034	0.925	0.755	8.33256e-13		1.66273473158	0.851	0.599	1.27022e-12
599   	1200  	188.975		1.70879762647	0.925	0.755	8.3177e-13		1.66327511329	0.851	0.6	1.2665e-12
599   	1200  	189.226		1.70928406844	0.925	0.756	8.30292e-13		1.66381453549	0.851	0.601	1.26281e-12
599   	1200  	189.478		1.70976936919	0.925	0.757	8.28823e-13		1.66435299833	0.851	0.602	1.25915e-12
599   	1200  	189.73		1.71025353163	0.925	0.758	8.27362e-13		1.66489050198	0.851	0.603	1.2555e-12
599   	1200  	189.981		1.71073655869	0.925	0.758	8.25909e-13		1.66542704663	0.851	0.604	1.25189e-12
599   	1200  	190.233		1.7112184533	0.926	0.759	8.24464e-13		1.6659626325	0.851	0.605	1.24829e-12
599   	1200  	190.485		1.7116992184	0.926	0.76	8.23028e-13		1.66649725982	0.851	0.606	1.24473e-12
599   	1200  	190.736		1.71217885689	0.926	0.76	8.21599e-13		1.66703092884	0.851	0.607	1.24118e-12
599   	1200  	190.988		1.71265737171	0.926	0.761	8.20178e-13		1.66756363985	0.851	0.608	1.23766e-12
599   	1200  	191.24		1.71313476577	0.926	0.762	8.18766e-13		1.66809539313	0.851	0.609	1.23416e-12
599   	1200  	191.491		1.713611042 	0.926	0.763	8.17361e-13		1.668626189 	0.851	0.61	1.23068e-12
599   	1200  	191.743		1.71408620332	0.926	0.763	8.15963e-13		1.66915602779	0.851	0.611	1.22723e-12
599   	1200  	191.995		1.71456025265	0.926	0.764	8.14574e-13		1.66968490985	0.851	0.612	1.2238e-12
599   	1200  	192.246		1.7150331929	0.927	0.765	8.13192e-13		1.67021283557	0.851	0.613	1.22039e-12
599   	1200  	192.498		1.71550502699	0.927	0.765	8.11817e-13		1.67073980531	0.851	0.614	1.21701e-12
599   	1200  	192.75		1.71597575784	0.927	0.766	8.1045e-13		1.67126581951	0.851	0.615	1.21364e-12
599   	1200  	193.001		1.71644538834	0.927	0.767	8.09091e-13		1.67179087858	0.852	0.616	1.2103e-12
599   	1200  	193.253		1.71691392142	0.927	0.767	8.07739e-13		1.67231498298	0.852	0.617	1.20698e-12
599   	1200  	193.505		1.71738135998	0.927	0.768	8.06394e-13		1.67283813315	0.852	0.618	1.20368e-12
599   	1200  	193.756		1.71784770692	0.927	0.769	8.05056e-13		1.6733603296	0.852	0.619	1.2004e-12
599   	1200  	194.008		1.71831296516	0.927	0.769	8.03726e-13		1.67388157282	0.852	0.62	1.19714e-12
599   	1200  	194.26		1.71877713758	0.928	0.77	8.02403e-13		1.67440186332	0.852	0.621	1.19391e-12
599   	1200  	194.511		1.71924022709	0.928	0.771	8.01087e-13		1.67492120165	0.852	0.622	1.19069e-12
599   	1200  	194.763		1.71970223659	0.928	0.771	7.99777e-13		1.67543958835	0.852	0.622	1.1875e-12
599   	1200  	195.015		1.72016316896	0.928	0.772	7.98475e-13		1.675957024 	0.852	0.623	1.18432e-12
599   	1200  	195.266		1.7206230271	0.928	0.773	7.9718e-13		1.67647350918	0.852	0.624	1.18117e-12
599   	1200  	195.518		1.72108181389	0.928	0.773	7.95892e-13		1.67698904449	0.852	0.625	1.17803e-12
599   	1200  	195.77		1.72153953222	0.928	0.774	7.9461e-13		1.67750363056	0.852	0.626	1.17491e-12
599   	1200  	196.021		1.72199618498	0.928	0.775	7.93336e-13		1.67801726801	0.852	0.627	1.17182e-12
599   	1200  	196.273		1.72245177503	0.928	0.775	7.92068e-13		1.67852995751	0.852	0.628	1.16874e-12
599   	1200  	196.525		1.72290630526	0.929	0.776	7.90806e-13		1.67904169972	0.852	0.629	1.16569e-12
599   	1200  	196.776		1.72335977854	0.929	0.777	7.89551e-13		1.67955249533	0.852	0.63	1.16265e-12
599   	1200  	197.028		1.72381219773	0.929	0.777	7.88303e-13		1.68006234503	0.852	0.631	1.15963e-12
599   	1200  	197.28		1.72426356571	0.929	0.778	7.87062e-13		1.68057124953	0.852	0.632	1.15663e-12
599   	1200  	197.531		1.72471388533	0.929	0.779	7.85826e-13		1.68107920958	0.853	0.633	1.15365e-12
599   	1200  	197.783		1.72516315945	0.929	0.779	7.84598e-13		1.68158622591	0.853	0.634	1.15068e-12
599   	1200  	198.035		1.72561139094	0.929	0.78	7.83375e-13		1.68209229929	0.853	0.635	1.14774e-12
599   	1200  	198.286		1.72605858264	0.929	0.78	7.82159e-13		1.68259743048	0.853	0.636	1.14481e-12
599   	1200  	198.538		1.72650473739	0.93	0.781	7.80949e-13		1.68310162028	0.853	0.637	1.1419e-12
599   	1400  	186.206		1.72231867625	0.938	0.777	9.05063e-13		1.67060410658	0.848	0.603	1.44489e-12
599   	1400  	186.458		1.72278614422	0.938	0.777	9.03607e-13		1.6711397685	0.848	0.604	1.44071e-12
599   	1400  	186.71		1.72325246755	0.938	0.778	9.02159e-13		1.67167443614	0.848	0.605	1.43656e-12
599   	1400  	186.961		1.72371764963	0.938	0.779	9.00719e-13		1.67220811007	0.848	0.606	1.43244e-12
599   	1400  	187.213		1.72418169386	0.938	0.779	8.99286e-13		1.67274079082	0.848	0.607	1.42834e-12
599   	1400  	187.465		1.72464460362	0.939	0.78	8.97861e-13		1.673272479 	0.848	0.608	1.42428e-12
599   	1400  	187.716		1.72510638228	0.939	0.781	8.96444e-13		1.67380317519	0.848	0.609	1.42024e-12
599   	1400  	187.968		1.72556703321	0.939	0.781	8.95034e-13		1.67433288  	0.848	0.61	1.41622e-12
599   	1400  	188.22		1.72602655979	0.939	0.782	8.93632e-13		1.67486159408	0.849	0.611	1.41223e-12
599   	1400  	188.471		1.72648496535	0.939	0.782	8.92237e-13		1.67538931806	0.849	0.612	1.40827e-12
599   	1400  	188.723		1.72694225325	0.939	0.783	8.90849e-13		1.67591605261	0.849	0.613	1.40434e-12
599   	1400  	188.975		1.72739842684	0.939	0.784	8.89469e-13		1.67644179842	0.849	0.614	1.40042e-12
599   	1400  	189.226		1.72785348945	0.939	0.784	8.88097e-13		1.67696655618	0.849	0.615	1.39654e-12
599   	1400  	189.478		1.7283074444	0.939	0.785	8.86731e-13		1.67749032661	0.849	0.616	1.39268e-12
599   	1400  	189.73		1.72876029502	0.94	0.786	8.85373e-13		1.67801311044	0.849	0.617	1.38884e-12
599   	1400  	189.981		1.72921204463	0.94	0.786	8.84021e-13		1.67853490841	0.849	0.618	1.38503e-12
599   	1400  	190.233		1.72966269652	0.94	0.787	8.82677e-13		1.67905572129	0.849	0.619	1.38125e-12
599   	1400  	190.485		1.730112254 	0.94	0.787	8.8134e-13		1.67957554986	0.849	0.62	1.37749e-12
599   	1400  	190.736		1.73056072037	0.94	0.788	8.8001e-13		1.6800943949	0.849	0.621	1.37375e-12
599   	1400  	190.988		1.7310080989	0.94	0.789	8.78686e-13		1.68061225723	0.849	0.622	1.37003e-12
599   	1400  	191.24		1.73145439288	0.94	0.789	8.7737e-13		1.68112913767	0.849	0.623	1.36634e-12
599   	1400  	191.491		1.73189960558	0.94	0.79	8.7606e-13		1.68164503706	0.849	0.624	1.36267e-12
599   	1400  	191.743		1.73234374026	0.94	0.79	8.74757e-13		1.68215995625	0.849	0.625	1.35903e-12
599   	1400  	191.995		1.73278680018	0.941	0.791	8.73461e-13		1.68267389612	0.849	0.625	1.35541e-12
599   	1400  	192.246		1.73322878858	0.941	0.792	8.72171e-13		1.68318685753	0.849	0.626	1.35181e-12
599   	1400  	192.498		1.73366970872	0.941	0.792	8.70888e-13		1.6836988414	0.849	0.627	1.34824e-12
599   	1400  	192.75		1.73410956381	0.941	0.793	8.69612e-13		1.68420984863	0.849	0.628	1.34468e-12
599   	1400  	193.001		1.7345483571	0.941	0.793	8.68342e-13		1.68471988014	0.85	0.629	1.34115e-12
599   	1400  	193.253		1.73498609179	0.941	0.794	8.67078e-13		1.68522893687	0.85	0.63	1.33764e-12
599   	1400  	193.505		1.73542277111	0.941	0.795	8.65821e-13		1.68573701978	0.85	0.631	1.33415e-12
599   	1400  	193.756		1.73585839825	0.941	0.795	8.6457e-13		1.68624412983	0.85	0.632	1.33069e-12
599   	1400  	194.008		1.7362929764	0.941	0.796	8.63326e-13		1.68675026799	0.85	0.633	1.32724e-12
599   	1400  	194.26		1.73672650877	0.942	0.796	8.62088e-13		1.68725543527	0.85	0.634	1.32382e-12
599   	1400  	194.511		1.73715899853	0.942	0.797	8.60856e-13		1.68775963266	0.85	0.635	1.32042e-12
599   	1400  	194.763		1.73759044885	0.942	0.798	8.5963e-13		1.68826286119	0.85	0.636	1.31704e-12
599   	1400  	195.015		1.7380208629	0.942	0.798	8.5841e-13		1.68876512188	0.85	0.637	1.31368e-12
599   	1400  	195.266		1.73845024383	0.942	0.799	8.57196e-13		1.68926641577	0.85	0.638	1.31034e-12
599   	1400  	195.518		1.73887859481	0.942	0.799	8.55989e-13		1.68976674392	0.85	0.638	1.30702e-12
599   	1400  	195.77		1.73930591896	0.942	0.8	8.54787e-13		1.6902661074	0.85	0.639	1.30372e-12
599   	1400  	196.021		1.73973221942	0.942	0.8	8.53591e-13		1.69076450728	0.85	0.64	1.30044e-12
599   	1400  	196.273		1.74015749932	0.942	0.801	8.52402e-13		1.69126194467	0.85	0.641	1.29718e-12
599   	1400  	196.525		1.74058176179	0.943	0.802	8.51218e-13		1.69175842065	0.85	0.642	1.29394e-12
599   	1400  	196.776		1.74100500992	0.943	0.802	8.50039e-13		1.69225393634	0.851	0.643	1.29072e-12
599   	1400  	197.028		1.74142724682	0.943	0.803	8.48867e-13		1.69274849287	0.851	0.644	1.28752e-12
599   	1400  	197.28		1.74184847559	0.943	0.803	8.477e-13		1.69324209138	0.851	0.645	1.28434e-12
599   	1400  	197.531		1.74226869931	0.943	0.804	8.46539e-13		1.69373473301	0.851	0.646	1.28118e-12
599   	1400  	197.783		1.74268792107	0.943	0.804	8.45384e-13		1.69422641892	0.851	0.647	1.27803e-12
599   	1400  	198.035		1.74310614393	0.943	0.805	8.44234e-13		1.69471715029	0.851	0.647	1.27491e-12
599   	1400  	198.286		1.74352337095	0.943	0.805	8.4309e-13		1.69520692828	0.851	0.648	1.2718e-12
599   	1400  	198.538		1.7439396052	0.943	0.806	8.41952e-13		1.6956957541	0.851	0.649	1.26872e-12
600   	1000  	186.206		1.67587428217	0.906	0.698	8.14579e-13		1.63894726808	0.854	0.566	1.18092e-12
600   	1000  	186.458		1.67641081213	0.906	0.699	8.12742e-13		1.63951133901	0.854	0.567	1.17706e-12
600   	1000  	186.71		1.67694619891	0.906	0.7	8.10917e-13		1.64007453253	0.854	0.568	1.17323e-12
600   	1000  	186.961		1.67748044425	0.906	0.701	8.09103e-13		1.64063684759	0.854	0.569	1.16943e-12
600   	1000  	187.213		1.67801354989	0.906	0.702	8.07301e-13		1.64119828315	0.854	0.57	1.16565e-12
600   	1000  	187.465		1.67854551758	0.906	0.703	8.05511e-13		1.64175883823	0.854	0.571	1.16191e-12
600   	1000  	187.716		1.67907634911	0.906	0.703	8.03731e-13		1.64231851184	0.854	0.572	1.15818e-12
600   	1000  	187.968		1.67960604624	0.906	0.704	8.01963e-13		1.64287730306	0.855	0.574	1.15449e-12
600   	1000  	188.22		1.68013461078	0.906	0.705	8.00206e-13		1.64343521096	0.855	0.575	1.15082e-12
600   	1000  	188.471		1.68066204454	0.907	0.706	7.9846e-13		1.64399223467	0.855	0.576	1.14718e-12
600   	1000  	188.723		1.68118834935	0.907	0.707	7.96725e-13		1.64454837333	0.855	0.577	1.14356e-12
600   	1000  	188.975		1.68171352703	0.907	0.708	7.95001e-13		1.64510362611	0.855	0.578	1.13997e-12
600   	1000  	189.226		1.68223757945	0.907	0.709	7.93288e-13		1.64565799221	0.855	0.579	1.1364e-12
600   	1000  	189.478		1.68276050845	0.907	0.709	7.91585e-13		1.64621147086	0.855	0.58	1.13286e-12
600   	1000  	189.73		1.68328231591	0.907	0.71	7.89893e-13		1.64676406131	0.855	0.581	1.12935e-12
600   	1000  	189.981		1.68380300371	0.907	0.711	7.88211e-13		1.64731576285	0.855	0.582	1.12586e-12
600   	1000  	190.233		1.68432257376	0.907	0.712	7.86539e-13		1.64786657479	0.855	0.583	1.12239e-12
600   	1000  	190.485		1.68484102795	0.907	0.713	7.84878e-13		1.64841649647	0.855	0.584	1.11895e-12
600   	1000  	190.736		1.6853583682	0.908	0.714	7.83227e-13		1.64896552724	0.855	0.585	1.11553e-12
600   	1000  	190.988		1.68587459645	0.908	0.715	7.81586e-13		1.6495136665	0.855	0.586	1.11214e-12
600   	1000  	191.24		1.68638971463	0.908	0.715	7.79955e-13		1.65006091366	0.855	0.587	1.10877e-12
600   	1000  	191.491		1.68690372469	0.908	0.716	7.78334e-13		1.65060726816	0.855	0.588	1.10542e-12
600   	1000  	191.743		1.68741662859	0.908	0.717	7.76723e-13		1.65115272948	0.855	0.589	1.10209e-12
600   	1000  	191.995		1.6879284283	0.908	0.718	7.75121e-13		1.6516972971	0.855	0.591	1.09879e-12
600   	1000  	192.246		1.6884391258	0.908	0.719	7.73529e-13		1.65224097054	0.855	0.592	1.09551e-12
600   	1000  	192.498		1.68894872307	0.908	0.72	7.71947e-13		1.65278374936	0.855	0.593	1.09226e-12
600   	1000  	192.75		1.68945722212	0.909	0.72	7.70374e-13		1.65332563311	0.855	0.594	1.08902e-12
600   	1000  	193.001		1.68996462495	0.909	0.721	7.68811e-13		1.65386662139	0.855	0.595	1.08581e-12
600   	1000  	193.253		1.69047093358	0.909	0.722	7.67257e-13		1.65440671381	0.855	0.596	1.08262e-12
600   	1000  	193.505		1.69097615003	0.909	0.723	7.65712e-13		1.65494591003	0.855	0.597	1.07945e-12
600   	1000  	193.756		1.69148027633	0.909	0.724	7.64176e-13		1.65548420971	0.855	0.598	1.0763e-12
600   	1000  	194.008		1.69198331454	0.909	0.724	7.6265e-13		1.65602161254	0.855	0.599	1.07318e-12
600   	1000  	194.26		1.69248526668	0.909	0.725	7.61132e-13		1.65655811823	0.855	0.6	1.07007e-12
600   	1000  	194.511		1.69298613483	0.909	0.726	7.59623e-13		1.65709372652	0.855	0.601	1.06699e-12
600   	1000  	194.763		1.69348592105	0.909	0.727	7.58123e-13		1.65762843718	0.855	0.602	1.06392e-12
600   	1000  	195.015		1.69398462742	0.91	0.728	7.56632e-13		1.65816224999	0.855	0.603	1.06088e-12
600   	1000  	195.266		1.694482256 	0.91	0.728	7.5515e-13		1.65869516476	0.855	0.604	1.05785e-12
600   	1000  	195.518		1.69497880889	0.91	0.729	7.53676e-13		1.65922718131	0.855	0.605	1.05485e-12
600   	1000  	195.77		1.69547428819	0.91	0.73	7.52211e-13		1.65975829951	0.855	0.606	1.05187e-12
600   	1000  	196.021		1.69596869599	0.91	0.731	7.50754e-13		1.66028851922	0.855	0.607	1.0489e-12
600   	1000  	196.273		1.69646203441	0.91	0.732	7.49306e-13		1.66081784034	0.855	0.608	1.04596e-12
600   	1000  	196.525		1.69695430555	0.91	0.732	7.47866e-13		1.6613462628	0.855	0.609	1.04303e-12
600   	1000  	196.776		1.69744551154	0.91	0.733	7.46434e-13		1.66187378654	0.855	0.61	1.04013e-12
600   	1000  	197.028		1.69793565451	0.911	0.734	7.45011e-13		1.66240041152	0.855	0.611	1.03724e-12
600   	1000  	197.28		1.69842473659	0.911	0.735	7.43596e-13		1.66292613772	0.855	0.612	1.03437e-12
600   	1000  	197.531		1.69891275991	0.911	0.735	7.42188e-13		1.66345096515	0.856	0.613	1.03152e-12
600   	1000  	197.783		1.69939972663	0.911	0.736	7.40789e-13		1.66397489384	0.856	0.614	1.02869e-12
600   	1000  	198.035		1.69988563889	0.911	0.737	7.39398e-13		1.66449792383	0.856	0.615	1.02588e-12
600   	1000  	198.286		1.70037049885	0.911	0.738	7.38014e-13		1.66502005519	0.856	0.616	1.02309e-12
600   	1000  	198.538		1.70085430867	0.911	0.738	7.36639e-13		1.66554128801	0.856	0.617	1.02031e-12
600   	1200  	186.206		1.70368947624	0.924	0.748	8.49058e-13		1.6577335645	0.851	0.59	1.30705e-12
600   	1200  	186.458		1.704188484 	0.924	0.749	8.47486e-13		1.65828349168	0.851	0.591	1.30308e-12
600   	1200  	186.71		1.70468631738	0.924	0.749	8.45922e-13		1.65883245581	0.851	0.592	1.29915e-12
600   	1200  	186.961		1.7051829793	0.924	0.75	8.44368e-13		1.65938045684	0.851	0.593	1.29524e-12
600   	1200  	187.213		1.7056784727	0.924	0.751	8.42822e-13		1.65992749475	0.851	0.594	1.29136e-12
600   	1200  	187.465		1.70617280051	0.924	0.752	8.41286e-13		1.66047356953	0.851	0.595	1.2875e-12
600   	1200  	187.716		1.70666596569	0.924	0.752	8.39758e-13		1.66101868121	0.851	0.596	1.28367e-12
600   	1200  	187.968		1.70715797116	0.924	0.753	8.38239e-13		1.66156282983	0.851	0.597	1.27987e-12
600   	1200  	188.22		1.70764881986	0.925	0.754	8.36729e-13		1.66210601545	0.851	0.598	1.27609e-12
600   	1200  	188.471		1.70813851474	0.925	0.755	8.35227e-13		1.66264823816	0.851	0.599	1.27234e-12
600   	1200  	188.723		1.70862705872	0.925	0.755	8.33734e-13		1.66318949808	0.851	0.6	1.26861e-12
600   	1200  	188.975		1.70911445476	0.925	0.756	8.32249e-13		1.66372979532	0.851	0.601	1.26491e-12
600   	1200  	189.226		1.70960070579	0.925	0.757	8.30773e-13		1.66426913005	0.851	0.602	1.26123e-12
600   	1200  	189.478		1.71008581474	0.925	0.757	8.29305e-13		1.66480750244	0.851	0.603	1.25758e-12
600   	1200  	189.73		1.71056978456	0.925	0.758	8.27845e-13		1.66534491268	0.851	0.604	1.25395e-12
600   	1200  	189.981		1.71105261818	0.925	0.759	8.26393e-13		1.66588136099	0.851	0.605	1.25035e-12
600   	1200  	190.233		1.71153431853	0.926	0.76	8.2495e-13		1.6664168476	0.851	0.606	1.24677e-12
600   	1200  	190.485		1.71201488856	0.926	0.76	8.23514e-13		1.66695137276	0.851	0.607	1.24321e-12
600   	1200  	190.736		1.71249433119	0.926	0.761	8.22087e-13		1.66748493677	0.851	0.608	1.23968e-12
600   	1200  	190.988		1.71297264936	0.926	0.762	8.20667e-13		1.6680175399	0.851	0.609	1.23617e-12
600   	1200  	191.24		1.713449846 	0.926	0.762	8.19256e-13		1.66854918247	0.851	0.61	1.23269e-12
600   	1200  	191.491		1.71392592405	0.926	0.763	8.17852e-13		1.66907986483	0.851	0.611	1.22922e-12
600   	1200  	191.743		1.71440088642	0.926	0.764	8.16456e-13		1.66960958733	0.851	0.612	1.22578e-12
600   	1200  	191.995		1.71487473605	0.926	0.764	8.15067e-13		1.67013835034	0.851	0.613	1.22236e-12
600   	1200  	192.246		1.71534747586	0.927	0.765	8.13686e-13		1.67066615425	0.851	0.614	1.21897e-12
600   	1200  	192.498		1.71581910878	0.927	0.766	8.12313e-13		1.67119299948	0.852	0.615	1.21559e-12
600   	1200  	192.75		1.71628963773	0.927	0.767	8.10947e-13		1.67171888645	0.852	0.616	1.21224e-12
600   	1200  	193.001		1.71675906563	0.927	0.767	8.09589e-13		1.67224381562	0.852	0.617	1.20891e-12
600   	1200  	193.253		1.7172273954	0.927	0.768	8.08238e-13		1.67276778746	0.852	0.618	1.2056e-12
600   	1200  	193.505		1.71769462995	0.927	0.769	8.06894e-13		1.67329080244	0.852	0.619	1.20231e-12
600   	1200  	193.756		1.7181607722	0.927	0.769	8.05557e-13		1.67381286108	0.852	0.62	1.19905e-12
600   	1200  	194.008		1.71862582506	0.927	0.77	8.04228e-13		1.67433396389	0.852	0.621	1.1958e-12
600   	1200  	194.26		1.71908979143	0.928	0.771	8.02906e-13		1.67485411141	0.852	0.622	1.19258e-12
600   	1200  	194.511		1.71955267423	0.928	0.771	8.01591e-13		1.6753733042	0.852	0.623	1.18937e-12
600   	1200  	194.763		1.72001447636	0.928	0.772	8.00283e-13		1.67589154283	0.852	0.624	1.18619e-12
600   	1200  	195.015		1.72047520072	0.928	0.773	7.98981e-13		1.67640882789	0.852	0.624	1.18302e-12
600   	1200  	195.266		1.72093485021	0.928	0.773	7.97687e-13		1.67692515999	0.852	0.625	1.17988e-12
600   	1200  	195.518		1.72139342772	0.928	0.774	7.964e-13		1.67744053975	0.852	0.626	1.17676e-12
600   	1200  	195.77		1.72185093615	0.928	0.775	7.95119e-13		1.67795496781	0.852	0.627	1.17365e-12
600   	1200  	196.021		1.72230737839	0.928	0.775	7.93846e-13		1.67846844483	0.852	0.628	1.17057e-12
600   	1200  	196.273		1.72276275731	0.928	0.776	7.92579e-13		1.67898097147	0.852	0.629	1.1675e-12
600   	1200  	196.525		1.72321707582	0.929	0.776	7.91318e-13		1.67949254844	0.852	0.63	1.16445e-12
600   	1200  	196.776		1.72367033678	0.929	0.777	7.90064e-13		1.68000317642	0.852	0.631	1.16143e-12
600   	1200  	197.028		1.72412254307	0.929	0.778	7.88817e-13		1.68051285615	0.852	0.632	1.15842e-12
600   	1200  	197.28		1.72457369758	0.929	0.778	7.87576e-13		1.68102158834	0.853	0.633	1.15543e-12
600   	1200  	197.531		1.72502380315	0.929	0.779	7.86342e-13		1.68152937376	0.853	0.634	1.15246e-12
600   	1200  	197.783		1.72547286268	0.929	0.78	7.85114e-13		1.68203621317	0.853	0.635	1.1495e-12
600   	1200  	198.035		1.725920879 	0.929	0.78	7.83893e-13		1.68254210735	0.853	0.636	1.14657e-12
600   	1200  	198.286		1.726367855 	0.929	0.781	7.82677e-13		1.68304705708	0.853	0.637	1.14365e-12
600   	1200  	198.538		1.72681379351	0.93	0.782	7.81468e-13		1.68355106319	0.853	0.638	1.14075e-12
600   	1400  	186.206		1.72264111711	0.938	0.777	9.05604e-13		1.67106621231	0.848	0.604	1.44305e-12
600   	1400  	186.458		1.72310836941	0.938	0.778	9.04149e-13		1.67160176951	0.848	0.605	1.43889e-12
600   	1400  	186.71		1.72357447639	0.938	0.778	9.02702e-13		1.67213632954	0.848	0.606	1.43476e-12
600   	1400  	186.961		1.72403944147	0.938	0.779	9.01263e-13		1.67266989295	0.848	0.607	1.43065e-12
600   	1400  	187.213		1.72450326803	0.938	0.78	8.99832e-13		1.67320246033	0.848	0.608	1.42657e-12
600   	1400  	187.465		1.72496595948	0.939	0.78	8.98408e-13		1.67373403228	0.848	0.609	1.42252e-12
600   	1400  	187.716		1.7254275192	0.939	0.781	8.96992e-13		1.67426460941	0.848	0.61	1.41849e-12
600   	1400  	187.968		1.72588795055	0.939	0.782	8.95583e-13		1.67479419237	0.849	0.611	1.41449e-12
600   	1400  	188.22		1.72634725692	0.939	0.782	8.94182e-13		1.67532278181	0.849	0.612	1.41052e-12
600   	1400  	188.471		1.72680544166	0.939	0.783	8.92789e-13		1.6758503784	0.849	0.613	1.40657e-12
600   	1400  	188.723		1.72726250814	0.939	0.784	8.91402e-13		1.67637698282	0.849	0.614	1.40265e-12
600   	1400  	188.975		1.72771845971	0.939	0.784	8.90024e-13		1.67690259577	0.849	0.615	1.39875e-12
600   	1400  	189.226		1.7281732997	0.939	0.785	8.88652e-13		1.67742721798	0.849	0.616	1.39488e-12
600   	1400  	189.478		1.72862703145	0.939	0.785	8.87288e-13		1.67795085018	0.849	0.617	1.39103e-12
600   	1400  	189.73		1.72907965829	0.94	0.786	8.8593e-13		1.67847349313	0.849	0.618	1.38721e-12
600   	1400  	189.981		1.72953118355	0.94	0.787	8.8458e-13		1.67899514758	0.849	0.619	1.38342e-12
600   	1400  	190.233		1.72998161054	0.94	0.787	8.83237e-13		1.67951581433	0.849	0.62	1.37964e-12
600   	1400  	190.485		1.73043094257	0.94	0.788	8.81901e-13		1.68003549416	0.849	0.621	1.37589e-12
600   	1400  	190.736		1.73087918293	0.94	0.789	8.80572e-13		1.68055418791	0.849	0.622	1.37217e-12
600   	1400  	190.988		1.73132633492	0.94	0.789	8.7925e-13		1.68107189639	0.849	0.623	1.36847e-12
600   	1400  	191.24		1.73177240183	0.94	0.79	8.77934e-13		1.68158862044	0.849	0.624	1.36479e-12
600   	1400  	191.491		1.73221738693	0.94	0.79	8.76626e-13		1.68210436094	0.849	0.625	1.36114e-12
600   	1400  	191.743		1.7326612935	0.94	0.791	8.75324e-13		1.68261911874	0.849	0.626	1.35751e-12
600   	1400  	191.995		1.73310412479	0.941	0.792	8.74029e-13		1.68313289475	0.849	0.627	1.3539e-12
600   	1400  	192.246		1.73354588407	0.941	0.792	8.7274e-13		1.68364568985	0.849	0.627	1.35031e-12
600   	1400  	192.498		1.73398657459	0.941	0.793	8.71458e-13		1.68415750498	0.85	0.628	1.34675e-12
600   	1400  	192.75		1.73442619958	0.941	0.793	8.70183e-13		1.68466834105	0.85	0.629	1.34321e-12
600   	1400  	193.001		1.73486476227	0.941	0.794	8.68914e-13		1.68517819901	0.85	0.63	1.33969e-12
600   	1400  	193.253		1.7353022659	0.941	0.795	8.67651e-13		1.68568707982	0.85	0.631	1.33619e-12
600   	1400  	193.505		1.73573871368	0.941	0.795	8.66395e-13		1.68619498446	0.85	0.632	1.33272e-12
600   	1400  	193.756		1.73617410883	0.941	0.796	8.65145e-13		1.6867019139	0.85	0.633	1.32926e-12
600   	1400  	194.008		1.73660845454	0.941	0.796	8.63902e-13		1.68720786915	0.85	0.634	1.32583e-12
600   	1400  	194.26		1.73704175401	0.942	0.797	8.62664e-13		1.68771285121	0.85	0.635	1.32242e-12
600   	1400  	194.511		1.73747401043	0.942	0.797	8.61433e-13		1.68821686111	0.85	0.636	1.31903e-12
600   	1400  	194.763		1.73790522697	0.942	0.798	8.60208e-13		1.68871989988	0.85	0.637	1.31566e-12
600   	1400  	195.015		1.73833540682	0.942	0.799	8.5899e-13		1.68922196858	0.85	0.638	1.31231e-12
600   	1400  	195.266		1.73876455313	0.942	0.799	8.57777e-13		1.68972306827	0.85	0.639	1.30898e-12
600   	1400  	195.518		1.73919266907	0.942	0.8	8.5657e-13		1.69022320002	0.85	0.64	1.30568e-12
600   	1400  	195.77		1.73961975777	0.942	0.8	8.55369e-13		1.69072236491	0.85	0.64	1.30239e-12
600   	1400  	196.021		1.74004582238	0.942	0.801	8.54175e-13		1.69122056404	0.85	0.641	1.29912e-12
600   	1400  	196.273		1.74047086603	0.942	0.801	8.52986e-13		1.69171779853	0.851	0.642	1.29587e-12
600   	1400  	196.525		1.74089489185	0.943	0.802	8.51803e-13		1.69221406949	0.851	0.643	1.29264e-12
600   	1400  	196.776		1.74131790296	0.943	0.803	8.50625e-13		1.69270937805	0.851	0.644	1.28943e-12
600   	1400  	197.028		1.74173990246	0.943	0.803	8.49454e-13		1.69320372537	0.851	0.645	1.28624e-12
600   	1400  	197.28		1.74216089345	0.943	0.804	8.48288e-13		1.69369711259	0.851	0.646	1.28307e-12
600   	1400  	197.531		1.74258087903	0.943	0.804	8.47128e-13		1.69418954087	0.851	0.647	1.27992e-12
600   	1400  	197.783		1.74299986228	0.943	0.805	8.45974e-13		1.69468101141	0.851	0.648	1.27679e-12
600   	1400  	198.035		1.74341784627	0.943	0.805	8.44825e-13		1.69517152538	0.851	0.649	1.27368e-12
600   	1400  	198.286		1.74383483409	0.943	0.806	8.43681e-13		1.69566108398	0.851	0.649	1.27058e-12
600   	1400  	198.538		1.74425082878	0.943	0.806	8.42544e-13		1.69614968842	0.851	0.65	1.2675e-12
601   	1000  	186.206		1.6761845426	0.906	0.699	8.14957e-13		1.63938985149	0.855	0.567	1.17923e-12
601   	1000  	186.458		1.67672095602	0.906	0.699	8.13122e-13		1.63995394865	0.855	0.568	1.17539e-12
601   	1000  	186.71		1.67725622484	0.906	0.7	8.11298e-13		1.64051716475	0.855	0.569	1.17157e-12
601   	1000  	186.961		1.6777903508	0.906	0.701	8.09486e-13		1.64107949877	0.855	0.57	1.16778e-12
601   	1000  	187.213		1.67832333568	0.906	0.702	8.07686e-13		1.64164094969	0.855	0.571	1.16402e-12
601   	1000  	187.465		1.67885518122	0.906	0.703	8.05897e-13		1.64220151654	0.855	0.572	1.16029e-12
601   	1000  	187.716		1.67938588923	0.906	0.704	8.04119e-13		1.64276119838	0.855	0.574	1.15658e-12
601   	1000  	187.968		1.67991546149	0.906	0.705	8.02353e-13		1.64331999428	0.855	0.575	1.1529e-12
601   	1000  	188.22		1.68044389982	0.906	0.706	8.00597e-13		1.64387790337	0.855	0.576	1.14924e-12
601   	1000  	188.471		1.68097120604	0.907	0.707	7.98853e-13		1.64443492478	0.855	0.577	1.14562e-12
601   	1000  	188.723		1.68149738198	0.907	0.707	7.97119e-13		1.64499105767	0.855	0.578	1.14201e-12
601   	1000  	188.975		1.6820224295	0.907	0.708	7.95397e-13		1.64554630124	0.855	0.579	1.13843e-12
601   	1000  	189.226		1.68254635046	0.907	0.709	7.93685e-13		1.64610065472	0.855	0.58	1.13488e-12
601   	1000  	189.478		1.68306914673	0.907	0.71	7.91984e-13		1.64665411736	0.855	0.581	1.13136e-12
601   	1000  	189.73		1.68359082019	0.907	0.711	7.90293e-13		1.64720668843	0.855	0.582	1.12785e-12
601   	1000  	189.981		1.68411137275	0.907	0.712	7.88612e-13		1.64775836725	0.855	0.583	1.12438e-12
601   	1000  	190.233		1.6846308063	0.907	0.713	7.86942e-13		1.64830915313	0.855	0.584	1.12092e-12
601   	1000  	190.485		1.68514912277	0.907	0.713	7.85283e-13		1.64885904545	0.855	0.585	1.11749e-12
601   	1000  	190.736		1.68566632409	0.908	0.714	7.83633e-13		1.64940804359	0.855	0.586	1.11409e-12
601   	1000  	190.988		1.6861824122	0.908	0.715	7.81993e-13		1.64995614696	0.855	0.587	1.11071e-12
601   	1000  	191.24		1.68669738905	0.908	0.716	7.80364e-13		1.65050335499	0.855	0.588	1.10735e-12
601   	1000  	191.491		1.6872112566	0.908	0.717	7.78744e-13		1.65104966717	0.855	0.589	1.10401e-12
601   	1000  	191.743		1.68772401682	0.908	0.718	7.77134e-13		1.65159508296	0.855	0.591	1.1007e-12
601   	1000  	191.995		1.68823567169	0.908	0.718	7.75534e-13		1.6521396019	0.855	0.592	1.09741e-12
601   	1000  	192.246		1.68874622321	0.908	0.719	7.73943e-13		1.65268322351	0.855	0.593	1.09414e-12
601   	1000  	192.498		1.68925567337	0.908	0.72	7.72362e-13		1.65322594737	0.855	0.594	1.0909e-12
601   	1000  	192.75		1.68976402418	0.909	0.721	7.70791e-13		1.65376777307	0.855	0.595	1.08768e-12
601   	1000  	193.001		1.69027127766	0.909	0.722	7.69229e-13		1.65430870023	0.855	0.596	1.08448e-12
601   	1000  	193.253		1.69077743585	0.909	0.723	7.67676e-13		1.65484872848	0.855	0.597	1.0813e-12
601   	1000  	193.505		1.69128250076	0.909	0.723	7.66132e-13		1.65538785749	0.855	0.598	1.07814e-12
601   	1000  	193.756		1.69178647446	0.909	0.724	7.64598e-13		1.65592608695	0.855	0.599	1.075e-12
601   	1000  	194.008		1.69228935899	0.909	0.725	7.63072e-13		1.65646341657	0.855	0.6	1.07189e-12
601   	1000  	194.26		1.69279115641	0.909	0.726	7.61556e-13		1.65699984608	0.855	0.601	1.06879e-12
601   	1000  	194.511		1.69329186879	0.909	0.727	7.60049e-13		1.65753537526	0.855	0.602	1.06572e-12
601   	1000  	194.763		1.6937914982	0.909	0.727	7.5855e-13		1.65807000388	0.855	0.603	1.06267e-12
601   	1000  	195.015		1.69429004674	0.91	0.728	7.5706e-13		1.65860373174	0.855	0.604	1.05963e-12
601   	1000  	195.266		1.69478751648	0.91	0.729	7.55579e-13		1.65913655869	0.855	0.605	1.05662e-12
601   	1000  	195.518		1.69528390954	0.91	0.73	7.54106e-13		1.65966848456	0.855	0.606	1.05363e-12
601   	1000  	195.77		1.695779228 	0.91	0.73	7.52642e-13		1.66019950925	0.855	0.607	1.05066e-12
601   	1000  	196.021		1.696273474 	0.91	0.731	7.51187e-13		1.66072963263	0.855	0.608	1.0477e-12
601   	1000  	196.273		1.69676664964	0.91	0.732	7.49739e-13		1.66125885463	0.855	0.609	1.04477e-12
601   	1000  	196.525		1.69725875704	0.91	0.733	7.48301e-13		1.6617871752	0.855	0.61	1.04185e-12
601   	1000  	196.776		1.69774979835	0.91	0.734	7.4687e-13		1.66231459429	0.855	0.611	1.03896e-12
601   	1000  	197.028		1.69823977569	0.911	0.734	7.45448e-13		1.66284111189	0.856	0.612	1.03608e-12
601   	1000  	197.28		1.69872869122	0.911	0.735	7.44033e-13		1.66336672801	0.856	0.613	1.03322e-12
601   	1000  	197.531		1.69921654707	0.911	0.736	7.42627e-13		1.66389144266	0.856	0.614	1.03038e-12
601   	1000  	197.783		1.69970334541	0.911	0.737	7.41229e-13		1.66441525591	0.856	0.615	1.02756e-12
601   	1000  	198.035		1.70018908839	0.911	0.737	7.39839e-13		1.66493816781	0.856	0.616	1.02476e-12
601   	1000  	198.286		1.70067377818	0.911	0.738	7.38456e-13		1.66546017845	0.856	0.617	1.02198e-12
601   	1000  	198.538		1.70115741695	0.911	0.739	7.37081e-13		1.66598128795	0.856	0.618	1.01921e-12
601   	1200  	186.206		1.70400752509	0.924	0.748	8.49524e-13		1.65818805701	0.851	0.591	1.30531e-12
601   	1200  	186.458		1.7045063512	0.924	0.749	8.47953e-13		1.65873792777	0.851	0.592	1.30137e-12
601   	1200  	186.71		1.70500400197	0.924	0.75	8.46391e-13		1.65928683227	0.851	0.593	1.29744e-12
601   	1200  	186.961		1.70550048034	0.924	0.751	8.44838e-13		1.65983477049	0.851	0.594	1.29355e-12
601   	1200  	187.213		1.70599578927	0.924	0.751	8.43294e-13		1.66038174242	0.851	0.595	1.28968e-12
601   	1200  	187.465		1.7064899317	0.924	0.752	8.41759e-13		1.66092774808	0.851	0.596	1.28584e-12
601   	1200  	187.716		1.70698291058	0.924	0.753	8.40232e-13		1.66147278751	0.851	0.597	1.28203e-12
601   	1200  	187.968		1.70747472886	0.924	0.754	8.38715e-13		1.6620168608	0.851	0.598	1.27824e-12
601   	1200  	188.22		1.70796538949	0.925	0.754	8.37206e-13		1.66255996801	0.851	0.599	1.27447e-12
601   	1200  	188.471		1.70845489542	0.925	0.755	8.35705e-13		1.66310210926	0.851	0.6	1.27073e-12
601   	1200  	188.723		1.70894324959	0.925	0.756	8.34213e-13		1.66364328468	0.851	0.601	1.26702e-12
601   	1200  	188.975		1.70943045496	0.925	0.757	8.3273e-13		1.66418349444	0.851	0.602	1.26333e-12
601   	1200  	189.226		1.70991651447	0.925	0.757	8.31255e-13		1.66472273869	0.851	0.603	1.25967e-12
601   	1200  	189.478		1.71040143107	0.925	0.758	8.29788e-13		1.66526101763	0.851	0.604	1.25603e-12
601   	1200  	189.73		1.71088520771	0.925	0.759	8.28329e-13		1.66579833149	0.851	0.605	1.25242e-12
601   	1200  	189.981		1.71136784733	0.925	0.759	8.26879e-13		1.66633468049	0.851	0.606	1.24883e-12
601   	1200  	190.233		1.71184935289	0.926	0.76	8.25437e-13		1.66687006491	0.851	0.607	1.24526e-12
601   	1200  	190.485		1.71232972731	0.926	0.761	8.24002e-13		1.667404485 	0.851	0.608	1.24172e-12
601   	1200  	190.736		1.71280897356	0.926	0.761	8.22576e-13		1.66793794108	0.851	0.609	1.2382e-12
601   	1200  	190.988		1.71328709456	0.926	0.762	8.21158e-13		1.66847043346	0.851	0.61	1.2347e-12
601   	1200  	191.24		1.71376409327	0.926	0.763	8.19747e-13		1.66900196247	0.851	0.611	1.23123e-12
601   	1200  	191.491		1.71423997262	0.926	0.764	8.18345e-13		1.66953252848	0.851	0.612	1.22777e-12
601   	1200  	191.743		1.71471473554	0.926	0.764	8.1695e-13		1.67006213186	0.851	0.613	1.22435e-12
601   	1200  	191.995		1.71518838498	0.926	0.765	8.15562e-13		1.67059077301	0.852	0.614	1.22094e-12
601   	1200  	192.246		1.71566092387	0.927	0.766	8.14182e-13		1.67111845233	0.852	0.615	1.21756e-12
601   	1200  	192.498		1.71613235514	0.927	0.766	8.1281e-13		1.67164517027	0.852	0.616	1.21419e-12
601   	1200  	192.75		1.71660268172	0.927	0.767	8.11445e-13		1.67217092728	0.852	0.617	1.21085e-12
601   	1200  	193.001		1.71707190655	0.927	0.768	8.10088e-13		1.67269572382	0.852	0.618	1.20754e-12
601   	1200  	193.253		1.71754003255	0.927	0.768	8.08738e-13		1.67321956038	0.852	0.619	1.20424e-12
601   	1200  	193.505		1.71800706263	0.927	0.769	8.07395e-13		1.67374243748	0.852	0.62	1.20096e-12
601   	1200  	193.756		1.71847299974	0.927	0.77	8.0606e-13		1.67426435563	0.852	0.621	1.19771e-12
601   	1200  	194.008		1.71893784678	0.927	0.77	8.04731e-13		1.67478531537	0.852	0.622	1.19447e-12
601   	1200  	194.26		1.71940160668	0.928	0.771	8.0341e-13		1.67530531727	0.852	0.623	1.19126e-12
601   	1200  	194.511		1.71986428234	0.928	0.772	8.02096e-13		1.67582436191	0.852	0.624	1.18807e-12
601   	1200  	194.763		1.72032587668	0.928	0.772	8.00789e-13		1.67634244987	0.852	0.625	1.18489e-12
601   	1200  	195.015		1.72078639261	0.928	0.773	7.99489e-13		1.67685958176	0.852	0.626	1.18174e-12
601   	1200  	195.266		1.72124583304	0.928	0.774	7.98196e-13		1.67737575822	0.852	0.626	1.17861e-12
601   	1200  	195.518		1.72170420087	0.928	0.774	7.96909e-13		1.67789097988	0.852	0.627	1.17549e-12
601   	1200  	195.77		1.722161499 	0.928	0.775	7.9563e-13		1.67840524741	0.852	0.628	1.1724e-12
601   	1200  	196.021		1.72261773033	0.928	0.776	7.94357e-13		1.67891856147	0.852	0.629	1.16933e-12
601   	1200  	196.273		1.72307289774	0.928	0.776	7.93091e-13		1.67943092278	0.852	0.63	1.16627e-12
601   	1200  	196.525		1.72352700415	0.929	0.777	7.91831e-13		1.67994233202	0.852	0.631	1.16324e-12
601   	1200  	196.776		1.72398005242	0.929	0.778	7.90579e-13		1.68045278993	0.853	0.632	1.16022e-12
601   	1200  	197.028		1.72443204545	0.929	0.778	7.89332e-13		1.68096229724	0.853	0.633	1.15722e-12
601   	1200  	197.28		1.72488298612	0.929	0.779	7.88092e-13		1.68147085471	0.853	0.634	1.15424e-12
601   	1200  	197.531		1.7253328773	0.929	0.779	7.86859e-13		1.6819784631	0.853	0.635	1.15128e-12
601   	1200  	197.783		1.72578172186	0.929	0.78	7.85632e-13		1.6824851232	0.853	0.636	1.14834e-12
601   	1200  	198.035		1.72622952269	0.929	0.781	7.84411e-13		1.68299083581	0.853	0.637	1.14541e-12
601   	1200  	198.286		1.72667628264	0.929	0.781	7.83197e-13		1.68349560174	0.853	0.638	1.1425e-12
601   	1200  	198.538		1.72712200458	0.93	0.782	7.81989e-13		1.68399942182	0.853	0.639	1.13961e-12
601   	1400  	186.206		1.72296271203	0.938	0.778	9.06146e-13		1.67152732472	0.848	0.605	1.44123e-12
601   	1400  	186.458		1.72342974818	0.938	0.778	9.04692e-13		1.67206277421	0.848	0.606	1.43709e-12
601   	1400  	186.71		1.72389563835	0.938	0.779	9.03247e-13		1.67259722364	0.848	0.607	1.43297e-12
601   	1400  	186.961		1.72436038596	0.938	0.78	9.01809e-13		1.67313067358	0.848	0.608	1.42888e-12
601   	1400  	187.213		1.72482399441	0.938	0.78	9.00379e-13		1.67366312464	0.848	0.609	1.42481e-12
601   	1400  	187.465		1.7252864671	0.939	0.781	8.98956e-13		1.67419457744	0.849	0.61	1.42077e-12
601   	1400  	187.716		1.72574780742	0.939	0.782	8.97541e-13		1.67472503262	0.849	0.611	1.41676e-12
601   	1400  	187.968		1.72620801876	0.939	0.782	8.96134e-13		1.67525449085	0.849	0.612	1.41278e-12
601   	1400  	188.22		1.7266671045	0.939	0.783	8.94734e-13		1.67578295278	0.849	0.613	1.40882e-12
601   	1400  	188.471		1.727125068 	0.939	0.783	8.93342e-13		1.67631041912	0.849	0.614	1.40489e-12
601   	1400  	188.723		1.72758191263	0.939	0.784	8.91957e-13		1.67683689058	0.849	0.615	1.40098e-12
601   	1400  	188.975		1.72803764176	0.939	0.785	8.90579e-13		1.67736236787	0.849	0.616	1.39709e-12
601   	1400  	189.226		1.72849225873	0.939	0.785	8.89209e-13		1.67788685173	0.849	0.617	1.39324e-12
601   	1400  	189.478		1.72894576689	0.939	0.786	8.87846e-13		1.67841034293	0.849	0.618	1.3894e-12
601   	1400  	189.73		1.72939816956	0.94	0.787	8.86489e-13		1.67893284224	0.849	0.619	1.3856e-12
601   	1400  	189.981		1.72984947009	0.94	0.787	8.8514e-13		1.67945435044	0.849	0.62	1.38181e-12
601   	1400  	190.233		1.73029967179	0.94	0.788	8.83799e-13		1.67997486833	0.849	0.621	1.37805e-12
601   	1400  	190.485		1.73074877799	0.94	0.788	8.82464e-13		1.68049439674	0.849	0.622	1.37432e-12
601   	1400  	190.736		1.73119679198	0.94	0.789	8.81136e-13		1.68101293651	0.849	0.623	1.37061e-12
601   	1400  	190.988		1.73164371706	0.94	0.79	8.79814e-13		1.68153048847	0.849	0.624	1.36692e-12
601   	1400  	191.24		1.73208955654	0.94	0.79	8.785e-13		1.6820470535	0.849	0.625	1.36325e-12
601   	1400  	191.491		1.73253431369	0.94	0.791	8.77193e-13		1.68256263247	0.849	0.626	1.35961e-12
601   	1400  	191.743		1.7329779918	0.94	0.791	8.75892e-13		1.68307722628	0.849	0.627	1.35599e-12
601   	1400  	191.995		1.73342059414	0.941	0.792	8.74598e-13		1.68359083584	0.85	0.628	1.3524e-12
601   	1400  	192.246		1.73386212396	0.941	0.793	8.7331e-13		1.68410346206	0.85	0.629	1.34883e-12
601   	1400  	192.498		1.73430258452	0.941	0.793	8.72029e-13		1.68461510589	0.85	0.629	1.34528e-12
601   	1400  	192.75		1.73474197908	0.941	0.794	8.70755e-13		1.68512576827	0.85	0.63	1.34175e-12
601   	1400  	193.001		1.73518031086	0.941	0.794	8.69487e-13		1.68563545016	0.85	0.631	1.33824e-12
601   	1400  	193.253		1.73561758312	0.941	0.795	8.68225e-13		1.68614415256	0.85	0.632	1.33476e-12
601   	1400  	193.505		1.73605379906	0.941	0.796	8.6697e-13		1.68665187644	0.85	0.633	1.33129e-12
601   	1400  	193.756		1.73648896191	0.941	0.796	8.65721e-13		1.68715862281	0.85	0.634	1.32785e-12
601   	1400  	194.008		1.73692307488	0.941	0.797	8.64479e-13		1.68766439269	0.85	0.635	1.32443e-12
601   	1400  	194.26		1.73735614116	0.942	0.797	8.63242e-13		1.68816918711	0.85	0.636	1.32103e-12
601   	1400  	194.511		1.73778816396	0.942	0.798	8.62012e-13		1.68867300711	0.85	0.637	1.31765e-12
601   	1400  	194.763		1.73821914645	0.942	0.799	8.60788e-13		1.68917585374	0.85	0.638	1.3143e-12
601   	1400  	195.015		1.73864909182	0.942	0.799	8.59571e-13		1.68967772808	0.85	0.639	1.31096e-12
601   	1400  	195.266		1.73907800324	0.942	0.8	8.58359e-13		1.6901786312	0.85	0.64	1.30764e-12
601   	1400  	195.518		1.73950588388	0.942	0.8	8.57153e-13		1.6906785642	0.85	0.641	1.30434e-12
601   	1400  	195.77		1.73993273687	0.942	0.801	8.55953e-13		1.69117752819	0.851	0.641	1.30107e-12
601   	1400  	196.021		1.74035856538	0.942	0.801	8.54759e-13		1.69167552427	0.851	0.642	1.29781e-12
601   	1400  	196.273		1.74078337253	0.942	0.802	8.53571e-13		1.69217255357	0.851	0.643	1.29457e-12
601   	1400  	196.525		1.74120716147	0.943	0.802	8.52389e-13		1.69266861724	0.851	0.644	1.29136e-12
601   	1400  	196.776		1.74162993531	0.943	0.803	8.51213e-13		1.69316371642	0.851	0.645	1.28816e-12
601   	1400  	197.028		1.74205169717	0.943	0.804	8.50042e-13		1.69365785229	0.851	0.646	1.28498e-12
601   	1400  	197.28		1.74247245016	0.943	0.804	8.48877e-13		1.694151026 	0.851	0.647	1.28182e-12
601   	1400  	197.531		1.74289219737	0.943	0.805	8.47718e-13		1.69464323874	0.851	0.648	1.27868e-12
601   	1400  	197.783		1.7433109419	0.943	0.805	8.46564e-13		1.69513449172	0.851	0.649	1.27556e-12
601   	1400  	198.035		1.74372868682	0.943	0.806	8.45416e-13		1.69562478613	0.851	0.65	1.27245e-12
601   	1400  	198.286		1.74414543521	0.943	0.806	8.44274e-13		1.69611412318	0.851	0.65	1.26937e-12
601   	1400  	198.538		1.74456119015	0.943	0.807	8.43137e-13		1.69660250412	0.851	0.651	1.2663e-12
